  36   12   2 2021    1
  45   12   2 2021    2
  16 -100   2 2021    3
  27 -100   3 2021    4
  42  -98   1 2021    6
  38  -98   1 2021    7
  40    3   2 2021    8
  11   12   2 2021    9
-100 -100   3 2021   10
-100 -100   2 2021   12
  42   12   2 2021   13
-100    5   2 2021   14
-100 -100   2 2021   15
-100 -100   3 2021   16
   7   12   2 2021   17
   4    1   2 2021   18
-100 -100   3 2021   19
-100 -100   3 2021   21
-100    3   2 2021   22
  50   12   2 2021   23
  60 -100   1 2021   24
  55   12   2 2021   25
-100 -100   2 2021   26
-100    8   3 2021   27
  55   12   2 2021   28
-100  -98   3 2021   29
  35   12   2 2021   30
  40   12   1 2021   31
-100   10   3 2021   32
-100   12   2 2021   35
  60   12   3 2021   36
  50   12   2 2021   37
  45   12   2 2021   38
  55   12   2 2021   39
  40   12   3 2021   40
  35   12   2 2021   41
  40   11   3 2021   42
  55   12   2 2021   43
  60 -100   2 2021   44
  45   12   2 2021   45
-100 -100   2 2021   46
-100   12   1 2021   47
-100    9   3 2021   48
  40   12   3 2021   49
   7   11   2 2021   50
-100   12   1 2021   51
-100    9   3 2021   52
-100   12   3 2021   53
-100   12   2 2021   54
  40   12   2 2021   56
-100   11   2 2021   57
-100   12   2 2021   59
  40    9 -97 2021   60
  40   12   3 2021   61
  40   12   2 2021   62
  15   12   2 2021   63
  40   11   2 2021   64
-100 -100   3 2021   65
  60   12   2 2021   66
-100 -100   3 2021   67
-100 -100   3 2021   68
-100   12   3 2021   69
  30   12   2 2021   70
  52 -100   3 2021   71
-100 -100   2 2021   72
  20 -100   2 2021   74
-100 -100   2 2021   75
-100 -100   3 2021   76
  30   12   3 2021   77
  24   12   1 2021   78
  40   12   1 2021   79
  60   12   3 2021   80
-100 -100   1 2021   81
  40   12   2 2021   82
-100 -100   2 2021   83
-100 -100   2 2021   84
  33   11   2 2021   85
-100 -100   3 2021   86
  40  -98   3 2021   88
  40   11   3 2021   89
-100    5   3 2021   90
-100  -90   2 2021   91
-100    2   3 2021   92
-100    3   2 2021   93
  60   12   2 2021   94
-100 -100   1 2021   95
  25    9   2 2021   96
-100    7   1 2021   97
-100 -100   2 2021   98
  40   12   2 2021   99
  40   12   2 2021  100
-100   11   3 2021  101
-100    7   2 2021  102
  40   12   3 2021  103
  30   12   2 2021  104
  50   12   2 2021  105
-100   12   1 2021  106
  40   12   2 2021  107
  60    8   2 2021  108
  50  -98   1 2021  109
  40   12   1 2021  111
  40  -98   1 2021  113
  40   12   1 2021  114
  40   12   2 2021  115
-100 -100   2 2021  116
  40   12   1 2021  117
  14   12   2 2021  118
  40   12   2 2021  119
  40   12   3 2021  120
-100 -100   2 2021  121
-100   12   3 2021  122
  40   12   3 2021  123
  40   12   2 2021  124
  40   12   2 2021  125
-100 -100 -97 2021  126
  50   12   1 2021  127
  40 -100   2 2021  128
-100 -100   2 2021  130
-100 -100   2 2021  131
   9   11   1 2021  132
-100 -100   2 2021  135
-100 -100   2 2021  136
  40   12   3 2021  137
  36   12   2 2021  138
  50   12   2 2021  139
  40    5   2 2021  140
  40    3   3 2021  142
  40   12   2 2021  143
  40   12   1 2021  144
-100   12   2 2021  145
  15   12   2 2021  146
  40   12   2 2021  147
-100   12   2 2021  148
-100 -100   2 2021  149
-100 -100   2 2021  150
-100   12   3 2021  151
  40   12   3 2021  152
  24   12   1 2021  153
  40   12   2 2021  154
  50  -98   2 2021  155
-100 -100   3 2021  156
-100 -100   1 2021  158
-100    2   2 2021  159
  40   12   2 2021  160
  40   12   3 2021  161
-100 -100   1 2021  162
-100 -100   3 2021  163
-100 -100   3 2021  164
-100   10   2 2021  165
-100   12   3 2021  166
  50  -98   2 2021  167
  40   12   2 2021  168
-100   12   2 2021  169
  39    9   2 2021  170
  60 -100   2 2021  171
-100   12   2 2021  172
-100 -100   2 2021  173
  40    1   1 2021  174
 -98   12   2 2021  175
-100 -100   1 2021  176
-100 -100   1 2021  177
  40   12   2 2021  179
   8   12   2 2021  181
-100 -100   2 2021  182
  40   12   3 2021  183
 -97  -98   1 2021  184
-100  -98   2 2021  185
  45   12   2 2021  187
  40 -100   2 2021  188
-100   11   2 2021  189
-100 -100   3 2021  190
  62   12   3 2021  192
  40   12   2 2021  194
  40   12   1 2021  195
-100    3   2 2021  196
-100  -90   3 2021  198
  40   12   2 2021  199
-100 -100   2 2021  201
-100 -100   2 2021  202
  39   12   2 2021  203
-100 -100   3 2021  205
  40   10   2 2021  206
-100 -100   3 2021  207
-100 -100   2 2021  208
-100   12   1 2021  209
-100   10   3 2021  210
  46   12   2 2021  211
  40   12   3 2021  213
  30   11   2 2021  214
-100 -100   3 2021  215
-100   12 -97 2021  216
  40   12   2 2021  217
-100 -100   1 2021  218
  16  -98   2 2021  219
  40   12   3 2021  220
-100   12   3 2021  221
  40   12   3 2021  222
-100    2   2 2021  223
  40   12   2 2021  224
  32 -100   1 2021  225
  50   12   3 2021  226
-100 -100   3 2021  227
-100 -100   3 2021  229
-100    4   1 2021  230
-100 -100   2 2021  231
  40    2   3 2021  232
-100   12   3 2021  233
-100 -100 -97 2021  234
  64   11   2 2021  235
-100   12   1 2021  236
  40   12   3 2021  237
  40    2   2 2021  238
-100   12   3 2021  239
-100 -100   1 2021  240
  40   12   2 2021  241
  42   12   3 2021  242
-100 -100   1 2021  243
  40   12   2 2021  244
-100 -100   2 2021  245
-100   12   2 2021  246
-100 -100   2 2021  247
-100 -100   3 2021  248
-100    9   2 2021  250
  40   12   3 2021  253
  40   12   2 2021  254
  40   12   2 2021  255
  40  -90   1 2021  256
  25   12   2 2021  257
-100 -100   1 2021  258
  40   12   2 2021  259
  25   10   2 2021  260
-100   12   2 2021  261
  60   12   1 2021  262
-100 -100   3 2021  263
-100 -100   3 2021  264
  45   12   2 2021  265
  40  -98   2 2021  266
-100 -100   3 2021  267
  35   12   2 2021  268
-100 -100   2 2021  269
-100 -100   3 2021  270
  32   12   2 2021  271
  40   12   3 2021  272
   5   11   2 2021  273
  35   12   2 2021  274
  89 -100   3 2021  275
  50   12   2 2021  276
  50 -100   1 2021  277
-100 -100   1 2021  278
-100 -100   2 2021  279
-100    7   2 2021  280
  40   12   3 2021  281
-100 -100   2 2021  282
  40   12   2 2021  284
  50   12   2 2021  285
-100   12   3 2021  286
  45   12   3 2021  287
  40   12   2 2021  288
  24   11   3 2021  289
-100   12   2 2021  291
-100    8   2 2021  292
-100 -100   2 2021  293
  40   12   1 2021  294
  48   11   2 2021  296
-100 -100   2 2021  297
-100   10   3 2021  298
  59   12   2 2021  299
  45   12   2 2021  300
  48   12   3 2021  301
-100 -100   3 2021  302
-100 -100   3 2021  303
  40   12   2 2021  304
  40   12   3 2021  305
-100 -100   1 2021  306
  40   12   3 2021  307
-100 -100   2 2021  308
  57   12   2 2021  309
-100 -100   2 2021  310
  40   12   1 2021  312
-100   12   1 2021  313
  34   12   2 2021  314
  10   11   2 2021  315
  10    9   1 2021  316
   8   12   2 2021  317
  38   12   2 2021  318
-100   12   2 2021  320
  45   12   2 2021  321
   0    5   1 2021  322
-100 -100   2 2021  323
  89   12   1 2021  324
  28 -100   2 2021  325
  40   12   3 2021  326
  40   12   2 2021  327
  40   12   2 2021  328
  16    7   3 2021  329
-100   12   2 2021  330
  40   12   2 2021  331
-100   12   2 2021  332
  40   12   1 2021  333
-100 -100   1 2021  334
  40   12   1 2021  335
  40    9   3 2021  336
  32   10   2 2021  337
-100 -100   2 2021  338
  40   12   2 2021  339
-100    1   2 2021  340
-100 -100   3 2021  341
 -99    9   2 2021  342
-100 -100   2 2021  343
  30   12   2 2021  344
  48   12   2 2021  345
-100   12   1 2021  346
-100    4   2 2021  348
-100 -100   3 2021  349
-100 -100   2 2021  350
-100 -100   2 2021  351
-100 -100   3 2021  352
-100 -100   2 2021  353
-100 -100   1 2021  354
  55   12   1 2021  356
  40   12   2 2021  357
  40  -97   2 2021  358
  55   12   1 2021  359
-100    3   3 2021  360
  45   12   2 2021  361
   9   12   3 2021  362
-100 -100   3 2021  363
  40   11   3 2021  364
-100   12 -97 2021  365
  45   12   1 2021  366
-100 -100   2 2021  367
  40   12   2 2021  368
-100 -100   3 2021  369
  24    8   3 2021  370
  50   12   3 2021  371
-100 -100   2 2021  372
-100   12   2 2021  373
-100 -100   3 2021  374
-100 -100   2 2021  375
  25 -100   2 2021  376
  60    8   3 2021  377
  50   12   1 2021  378
  40   12   2 2021  379
-100   12   3 2021  380
  40   12   3 2021  381
-100 -100   2 2021  383
  70   12   1 2021  384
  35   12   1 2021  385
  40   12   2 2021  386
 -99  -90   3 2021  387
-100 -100   1 2021  388
  36   12   2 2021  389
  40   12   1 2021  390
  70   12   2 2021  391
  30  -98   2 2021  392
-100 -100   3 2021  393
  50   12   3 2021  395
-100   12   2 2021  396
-100 -100   3 2021  397
  36   12   2 2021  398
  40   12   2 2021  399
-100    2   2 2021  400
-100    5   2 2021  401
-100   10   3 2021  402
-100  -90   2 2021  403
 -99   11   3 2021  404
  45   12   2 2021  405
  18   11   2 2021  406
-100   12   3 2021  407
  40   12   2 2021  408
  40   12   2 2021  409
-100 -100   2 2021  410
  30    9   2 2021  411
  40  -97   1 2021  412
-100    8   2 2021  413
-100 -100   2 2021  414
-100 -100   2 2021  415
-100    2   3 2021  416
  40 -100   2 2021  417
  15   12   2 2021  418
  40   12   1 2021  419
  24   12   3 2021  420
  45   12   1 2021  422
-100 -100   2 2021  423
  38   12   3 2021  424
  33 -100 -97 2021  425
-100 -100   2 2021  427
-100 -100   2 2021  428
-100 -100   1 2021  430
  40   12   1 2021  431
-100    9   3 2021  432
  40   12   2 2021  433
-100 -100   2 2021  434
-100 -100   2 2021  435
-100   12   2 2021  436
  29   12   2 2021  437
  40  -97   2 2021  438
-100  -97   2 2021  439
-100 -100   2 2021  440
  45   12   2 2021  441
  35   12   3 2021  443
  80 -100   1 2021  444
-100 -100   1 2021  445
  62   12   1 2021  446
  40   12   2 2021  447
-100 -100   2 2021  448
  60   12   2 2021  449
  30   12   2 2021  450
-100   12   1 2021  451
-100 -100   2 2021  452
-100   12   1 2021  453
  40   12   2 2021  454
-100  -98   3 2021  455
-100   12   2 2021  456
  40   12   2 2021  457
  50   12   2 2021  458
  35   12   2 2021  459
-100 -100   2 2021  460
  40    4   2 2021  461
  20   12   1 2021  462
-100 -100   3 2021  463
  40   12   2 2021  464
  45   12   2 2021  465
-100 -100   2 2021  466
  40 -100   2 2021  467
-100   12   2 2021  468
  48   12   3 2021  469
   0 -100   2 2021  470
-100 -100   2 2021  472
  40   12   1 2021  473
  40   12   2 2021  474
  38   12   3 2021  475
-100 -100   3 2021  476
  20 -100   2 2021  477
  40   12   2 2021  478
  40   12   2 2021  480
   6   12   2 2021  481
-100    1   3 2021  482
-100 -100   2 2021  483
  40   12   2 2021  484
  15    9   3 2021  485
-100 -100   2 2021  486
  89    8   2 2021  487
  33   12   2 2021  488
-100 -100   2 2021  490
  40   12   2 2021  491
-100 -100   2 2021  492
-100   12   3 2021  493
  40   12   1 2021  494
-100 -100   2 2021  495
  52 -100   2 2021  496
  37   12   3 2021  497
  25   12   3 2021  498
-100   12   3 2021  499
-100   12   2 2021  500
  42   12   2 2021  501
   5   10   2 2021  502
  40   12   3 2021  503
-100  -98   2 2021  504
  40   12   2 2021  505
-100   12   2 2021  506
-100 -100   1 2021  507
-100   12   1 2021  508
  35   12   2 2021  509
  40   12   2 2021  510
-100 -100   3 2021  511
 -99   12   3 2021  512
-100 -100   2 2021  513
  37  -97   2 2021  514
-100 -100   3 2021  515
-100 -100   3 2021  516
-100 -100   2 2021  517
-100 -100   2 2021  518
-100    1   2 2021  520
  37 -100   2 2021  523
-100   12   1 2021  524
-100 -100   1 2021  525
  43   12   2 2021  526
  20   12   2 2021  527
  40  -98   2 2021  528
  35    9   2 2021  529
-100 -100   2 2021  530
  10   12   3 2021  531
-100   12   3 2021  532
-100 -100   3 2021  533
-100    8   2 2021  534
  40  -98   2 2021  535
-100 -100   2 2021  536
-100 -100   2 2021  537
  40    9   3 2021  538
  40   11   2 2021  539
  40   12   2 2021  540
  50   12   3 2021  541
-100 -100   1 2021  542
-100  -98   2 2021  543
  32   12   2 2021  544
-100    9   3 2021  545
-100 -100   2 2021  546
-100 -100   1 2021  547
-100    7   2 2021  548
-100    9   2 2021  549
  50   12   2 2021  550
  48   12   2 2021  551
-100 -100   2 2021  552
  48   12   2 2021  553
-100 -100   2 2021  554
-100 -100   2 2021  555
   2   12   3 2021  556
  40   12   1 2021  557
-100   11   2 2021  558
-100   12   2 2021  559
-100 -100   3 2021  560
  40   12   3 2021  561
-100  -98   3 2021  562
-100   12   2 2021  563
-100   10   2 2021  564
  60   12   2 2021  565
  40   12   2 2021  566
  40   12   3 2021  567
  36   12   2 2021  568
-100 -100   1 2021  569
  50   11   2 2021  571
-100 -100   1 2021  572
-100 -100   2 2021  573
-100    7   2 2021  574
  15    7   3 2021  575
-100 -100   2 2021  576
-100   12   2 2021  577
-100    2   3 2021  581
-100    5   2 2021  582
  50    3   2 2021  583
  40   12   1 2021  584
-100    8   2 2021  585
  40   12   2 2021  586
  40   12   1 2021  587
-100 -100   3 2021  588
  40   12   2 2021  589
-100    7   3 2021  590
  56   12   2 2021  591
  44   11   3 2021  593
-100 -100   2 2021  594
-100 -100   1 2021  595
-100 -100   1 2021  596
-100 -100   2 2021  598
  40    6   1 2021  599
  45  -90   1 2021  600
-100 -100   2 2021  601
  45   12   2 2021  602
-100   12   2 2021  603
-100 -100   3 2021  604
-100   12   1 2021  605
  40   12   3 2021  606
  45   12   2 2021  610
-100 -100   1 2021  611
-100 -100   1 2021  612
-100 -100   2 2021  613
  30   12   2 2021  614
  45   12   2 2021  615
-100 -100   2 2021  616
-100    1   2 2021  617
  60   12   3 2021  618
  48   12   3 2021  619
  40  -98   3 2021  620
-100 -100   3 2021  621
-100    9   3 2021  622
  40  -98 -97 2021  623
  40  -97   1 2021  624
  40   12   2 2021  625
  75   10   1 2021  626
-100 -100   2 2021  627
-100    9   3 2021  628
  20   12   1 2021  629
  20   10   2 2021  630
-100 -100   2 2021  631
  40   12   3 2021  632
  45  -98   3 2021  633
-100 -100   3 2021  634
-100 -100   2 2021  635
  45   12   2 2021  636
  50   12   2 2021  637
-100   10   2 2021  638
  40   10   2 2021  639
  36   12   3 2021  640
  80   12   2 2021  641
-100 -100   2 2021  642
  40   10   2 2021  643
-100   12   2 2021  644
  45  -98   3 2021  645
-100 -100   3 2021  646
-100 -100   2 2021  647
  37   11   2 2021  648
  30    9   2 2021  649
  50   12   3 2021  650
-100    2   2 2021  651
-100 -100   2 2021  652
  40   12   2 2021  653
-100 -100   2 2021  654
-100 -100   1 2021  655
-100 -100   1 2021  656
  40   12   1 2021  657
  45   12   3 2021  658
-100 -100   1 2021  659
-100 -100   2 2021  660
  40   12   1 2021  661
-100 -100   3 2021  662
  50    9   2 2021  663
  40   12   2 2021  664
  40   12   1 2021  665
-100   12   1 2021  666
-100 -100   1 2021  667
-100   12   2 2021  668
-100 -100   2 2021  669
-100   12   3 2021  670
-100 -100   2 2021  671
-100  -90   2 2021  672
  70 -100   1 2021  673
-100 -100   3 2021  674
-100   12   2 2021  675
  45   12   2 2021  676
-100 -100   2 2021  677
-100    2   2 2021  678
-100 -100   1 2021  679
  15   12   1 2021  680
-100  -97   3 2021  681
-100    1   3 2021  682
  50   12   2 2021  683
  60   12   2 2021  684
-100 -100   2 2021  685
-100  -90   2 2021  686
-100  -98   2 2021  687
-100  -98   2 2021  688
  40    1   3 2021  690
-100    9   1 2021  691
  38   12   2 2021  692
-100    4   1 2021  693
-100 -100   2 2021  694
-100 -100   2 2021  695
  15   11   2 2021  696
-100    7   2 2021  697
  40   12   2 2021  699
-100   12   2 2021  700
   4    6   1 2021  701
  40   12   1 2021  702
  15 -100   2 2021  703
  40   12   2 2021  704
  60   12   1 2021  705
  40   12   3 2021  706
-100  -90   2 2021  707
  20    7   2 2021  708
  40   12   1 2021  709
  60   12   2 2021  710
  42   12   3 2021  711
-100 -100   3 2021  712
  24   12   1 2021  713
-100 -100   2 2021  714
-100 -100   3 2021  715
  16 -100   2 2021  717
-100 -100   2 2021  718
-100 -100   3 2021  719
-100    9   2 2021  720
-100 -100   3 2021  721
  40   12   2 2021  723
  45   12   2 2021  724
-100    9   3 2021  725
  40   12   1 2021  726
  21   10   2 2021  727
  40   12   3 2021  728
-100 -100   2 2021  729
-100   12   2 2021  730
-100   10   3 2021  731
  43   12   2 2021  732
-100 -100   3 2021  733
  40   12   2 2021  734
-100   11   3 2021  735
-100 -100   3 2021  737
  40   12   3 2021  738
  20   12   2 2021  739
  40   12   2 2021  740
  30   10   3 2021  741
  40    9   3 2021  742
-100 -100   2 2021  744
-100 -100   2 2021  745
-100 -100   3 2021  746
-100 -100   2 2021  747
-100 -100   1 2021  748
  40   12   2 2021  749
-100 -100   3 2021  750
  40   12   1 2021  751
-100 -100   2 2021  752
  10   12   1 2021  753
-100 -100   3 2021  754
-100   12   2 2021  755
  24    9   2 2021  756
-100 -100   1 2021  757
-100 -100   3 2021  758
  40   12   2 2021  759
-100 -100   3 2021  760
-100 -100   1 2021  761
-100   12   3 2021  763
-100    9   2 2021  764
  40   12   2 2021  765
  34 -100   3 2021  766
-100 -100   3 2021  767
  44    9   2 2021  768
-100   12   2 2021  769
  40   12   1 2021  770
-100 -100   1 2021  772
-100 -100   3 2021  773
-100 -100   2 2021  774
  36   12   3 2021  775
  10   12   2 2021  776
-100 -100   2 2021  777
-100    9   3 2021  778
-100 -100   1 2021  779
  40   12   2 2021  780
  20  -98   1 2021  781
  20   10   2 2021  782
-100   11   3 2021  783
   9 -100   2 2021  784
-100 -100   3 2021  785
-100    4   1 2021  786
-100   12   1 2021  787
-100    3   3 2021  788
-100 -100   3 2021  790
  40   12   1 2021  791
  50   12   1 2021  792
  48   12   2 2021  793
  40    8   3 2021  795
-100 -100   1 2021  796
-100   12   2 2021  797
-100 -100   1 2021  798
-100 -100   2 2021  799
-100   12   1 2021  800
  50   12   2 2021  801
  60   12   3 2021  802
-100 -100   3 2021  803
-100   12   3 2021  804
-100   12   2 2021  805
-100 -100   3 2021  806
  40   12   2 2021  807
-100 -100   1 2021  808
-100   12   1 2021  809
  40   12   1 2021  810
-100 -100   3 2021  811
-100 -100   3 2021  812
-100 -100   2 2021  813
-100    1   3 2021  814
  40   12   2 2021  815
  40   12   2 2021  816
  40 -100   2 2021  817
  40   12   1 2021  818
-100 -100   2 2021  819
  34   10   2 2021  820
  80   12   2 2021  821
-100    4   2 2021  823
  38   11   2 2021  824
 -97  -90   2 2021  825
-100 -100   3 2021  826
-100 -100   3 2021  827
-100 -100   2 2021  828
  40   12   2 2021  829
-100 -100   3 2021  830
  40   12   3 2021  831
-100 -100   2 2021  832
-100 -100   3 2021  833
-100 -100   1 2021  834
-100   12   2 2021  835
-100 -100   3 2021  836
  14   11   3 2021  837
-100 -100   2 2021  838
  40   12   2 2021  839
  52  -98   1 2021  841
-100   10   2 2021  842
  52   12   1 2021  843
-100   12   2 2021  844
  50   12   3 2021  845
  56   12   3 2021  846
-100 -100   2 2021  847
-100 -100   3 2021  849
  42   12 -97 2021  850
  40 -100   1 2021  851
  40   12   2 2021  852
  20    3   2 2021  853
-100 -100   1 2021  855
  40 -100   2 2021  856
 -99  -98   2 2021  857
  40  -98   2 2021  858
-100 -100   3 2021  859
  58 -100   2 2021  860
  15    8   1 2021  861
-100 -100   2 2021  862
  40   12   2 2021  863
  20    4   2 2021  864
-100 -100   1 2021  865
-100 -100   2 2021  866
-100   12   2 2021  867
-100  -98   3 2021  868
-100 -100   2 2021  869
  38  -98   2 2021  870
-100 -100   3 2021  871
-100  -98   2 2021  872
  55   12   2 2021  873
-100  -98   3 2021  874
-100  -98   2 2021  876
  46   12   2 2021  878
  45   12   2 2021  880
  40   12   1 2021  881
-100    4   2 2021  882
  50   12   2 2021  883
-100 -100   2 2021  884
  37   12   3 2021  885
  45   12   2 2021  886
  60   12   2 2021  887
 -99 -100   3 2021  888
-100 -100   2 2021  889
  40   11   2 2021  890
-100    1   2 2021  891
-100   10   2 2021  892
-100 -100   2 2021  893
-100 -100   2 2021  894
  40   12   2 2021  895
-100 -100   1 2021  896
-100   12   2 2021  897
   1   12   2 2021  898
  40   12   2 2021  899
  45   12   2 2021  901
-100  -98   2 2021  902
-100   12   2 2021  903
-100 -100   1 2021  904
-100 -100   2 2021  905
-100   12   2 2021  906
  46   11   2 2021  908
-100 -100   2 2021  909
  20    2   2 2021  910
-100   12   2 2021  911
  48 -100   2 2021  912
  40   12   2 2021  914
-100 -100   2 2021  915
-100   12   3 2021  916
  40   12   2 2021  917
  32   12   1 2021  918
-100 -100   2 2021  919
-100    2   2 2021  920
  50   12   2 2021  921
-100 -100   3 2021  922
-100 -100   2 2021  923
-100    5   2 2021  924
  35   12   2 2021  925
-100 -100   3 2021  926
  56   12   2 2021  927
  40   12   2 2021  928
  40   12   2 2021  929
  53   12   3 2021  931
-100 -100   1 2021  932
  40  -97   2 2021  933
  40    5   2 2021  934
-100 -100   3 2021  935
-100 -100   1 2021  936
-100   12   1 2021  937
  40   12   2 2021  938
  40   12   2 2021  939
-100   11   2 2021  940
  40   12   1 2021  941
  40   12   2 2021  942
  33   10   3 2021  943
-100 -100   3 2021  944
  20   12   1 2021  945
  43   12   2 2021  946
-100 -100   2 2021  947
-100 -100   2 2021  948
-100   12   2 2021  949
-100 -100   2 2021  950
-100 -100   2 2021  952
  37   12   1 2021  953
  40   12   2 2021  954
  38   12   2 2021  955
  32   10   2 2021  956
  16 -100   2 2021  957
-100  -97   1 2021  958
  50 -100   2 2021  959
  53   12   3 2021  960
  24  -98   1 2021  961
-100   11   2 2021  964
-100 -100   3 2021  965
-100   12   2 2021  966
-100  -98   3 2021  968
-100  -90   2 2021  969
-100   12   2 2021  972
  40   12   2 2021  973
-100  -90   2 2021  974
  40   12   2 2021  975
  40   11   2 2021  977
  30 -100   2 2021  978
-100 -100   2 2021  979
-100  -97   1 2021  980
  10   12   1 2021  981
  16   12   2 2021  982
-100   12   1 2021  983
  38   12   1 2021  985
  55   12   3 2021  986
-100  -98   2 2021  987
-100 -100   1 2021  988
  40   12   3 2021  989
  50   12   2 2021  990
  40   12   3 2021  991
  48   12   1 2021  992
-100 -100   1 2021  993
  40   12   1 2021  995
  40   12   3 2021  996
-100   12   1 2021  997
  40  -98   2 2021  998
  40   12   2 2021  999
  40   12   2 2021 1000
  50   12   1 2021 1001
-100   12   2 2021 1002
  25   12   3 2021 1003
  35   12   1 2021 1004
  41  -98   2 2021 1005
-100 -100   2 2021 1007
-100  -90   3 2021 1008
-100 -100   2 2021 1009
-100    9   2 2021 1010
-100 -100   3 2021 1011
-100 -100   2 2021 1012
-100   10   3 2021 1013
  20    1   1 2021 1014
  89   12   2 2021 1015
-100    8   2 2021 1018
  37   12   2 2021 1019
-100    5   3 2021 1021
  12    9   2 2021 1022
  40   12   2 2021 1023
-100 -100   2 2021 1024
  40   12   1 2021 1025
-100  -90   3 2021 1026
  40   12   1 2021 1027
  40   12   2 2021 1028
-100  -90   2 2021 1029
-100  -90   2 2021 1030
-100 -100   1 2021 1031
  40   12   2 2021 1033
-100    7   3 2021 1034
-100 -100   2 2021 1035
  45   12   3 2021 1036
  10    9   2 2021 1037
-100 -100   2 2021 1039
-100 -100   2 2021 1040
  80   12   3 2021 1042
  20   12   2 2021 1043
  40   12   2 2021 1044
-100 -100   1 2021 1045
-100 -100   2 2021 1046
-100 -100   2 2021 1048
  40   12   2 2021 1049
-100   12   1 2021 1050
  38   12   2 2021 1051
-100 -100   2 2021 1052
-100 -100   3 2021 1053
  50   12   2 2021 1055
  45   12   1 2021 1056
-100    3   2 2021 1057
  43  -98   2 2021 1058
  25    2   2 2021 1059
  43   12   2 2021 1060
-100   12   3 2021 1061
-100   12   2 2021 1062
-100    9   3 2021 1063
  35   12   3 2021 1064
  28   12   2 2021 1065
-100    9   3 2021 1066
  40   12   3 2021 1067
  50   12   2 2021 1068
-100 -100   1 2021 1069
-100 -100   2 2021 1070
  40  -97   2 2021 1071
  45   12   2 2021 1072
  40  -98   2 2021 1073
  35   12   2 2021 1074
  40   12   2 2021 1075
-100    9   2 2021 1076
  40 -100   2 2021 1077
-100 -100   2 2021 1078
-100 -100   1 2021 1079
  42   12   1 2021 1080
  40   12   3 2021 1081
  50   12   2 2021 1082
  35 -100   2 2021 1083
  40   12   2 2021 1084
  40   12   2 2021 1085
-100 -100   2 2021 1086
  32   11   2 2021 1087
-100 -100   2 2021 1088
-100   11   3 2021 1089
-100  -98   2 2021 1090
-100  -98   2 2021 1091
-100   11   2 2021 1092
-100    9   2 2021 1093
-100 -100   3 2021 1094
  41   12   2 2021 1095
  47   12   2 2021 1096
-100 -100   2 2021 1097
  20   12   3 2021 1098
  40   12   2 2021 1099
-100   12   2 2021 1100
  20   12   2 2021 1102
  40  -98   3 2021 1103
  20   12   1 2021 1104
   1   11   3 2021 1105
-100 -100   1 2021 1106
-100 -100   2 2021 1107
-100 -100   2 2021 1108
  40   12   1 2021 1109
  40   12   1 2021 1110
  35   10   1 2021 1111
  45   12 -97 2021 1112
-100 -100   3 2021 1113
-100 -100   2 2021 1115
  36   12   2 2021 1117
-100 -100   2 2021 1118
-100   12   2 2021 1119
  30   12   2 2021 1120
  40   12   2 2021 1121
-100    1   3 2021 1122
-100 -100   2 2021 1123
  55   12   2 2021 1124
-100 -100   3 2021 1125
-100   11   2 2021 1127
  42   12   3 2021 1128
  50   12   2 2021 1129
  50   12   1 2021 1130
  40   12   3 2021 1131
-100 -100   1 2021 1132
-100 -100   2 2021 1133
-100 -100   2 2021 1134
-100 -100   2 2021 1135
  55  -98   2 2021 1136
  32   12   2 2021 1137
  38   12   2 2021 1138
  40   12   2 2021 1139
  45   12   3 2021 1140
-100    9   1 2021 1141
  25 -100   3 2021 1142
  40   12   2 2021 1143
-100 -100   1 2021 1144
-100    8   3 2021 1145
-100   12   3 2021 1146
  40   12   2 2021 1147
  42 -100   2 2021 1148
-100  -98   3 2021 1149
-100 -100   2 2021 1150
  50   12   2 2021 1151
  25   12   1 2021 1152
  58   12   3 2021 1153
  45   12   1 2021 1154
  60  -97   2 2021 1155
  40   12   3 2021 1156
  30   12   1 2021 1157
-100   10   2 2021 1158
-100 -100   1 2021 1159
  40 -100   2 2021 1160
  40   12   1 2021 1161
  40   12   1 2021 1162
-100 -100   1 2021 1163
  15   12   1 2021 1164
  50   12   2 2021 1165
  50   12   1 2021 1166
-100   12   2 2021 1168
  10    9   3 2021 1169
  40   12   2 2021 1171
-100 -100   1 2021 1172
-100 -100   3 2021 1173
  35   12   2 2021 1174
  50   12   1 2021 1175
  40   12   3 2021 1176
  20   12   2 2021 1177
-100    9   1 2021 1178
-100    1   3 2021 1179
  40   12   2 2021 1181
-100    2   3 2021 1182
  40   12   2 2021 1183
  40   12   2 2021 1185
  40   12   2 2021 1186
-100 -100   2 2021 1187
-100 -100   2 2021 1188
  45   12   1 2021 1190
  50   12   1 2021 1191
  15    5   2 2021 1192
   2  -98   2 2021 1193
  45   12   2 2021 1194
  60    5   2 2021 1195
  35 -100   2 2021 1196
-100 -100   2 2021 1197
  40   12   1 2021 1198
  40   12   1 2021 1199
  55   12   2 2021 1200
  40   12   2 2021 1201
  45   12   2 2021 1202
  50   12   2 2021 1203
  40   12   3 2021 1204
  40   12   1 2021 1205
  25    9   2 2021 1206
-100 -100   2 2021 1207
  29  -98   2 2021 1208
  30   12   2 2021 1209
-100   12   1 2021 1210
  40   12   2 2021 1211
  40   12   2 2021 1212
-100 -100   2 2021 1213
  45   11   2 2021 1214
  40   12   2 2021 1215
  40   12   2 2021 1216
  40   12   3 2021 1217
 -97 -100   2 2021 1218
  44   11   2 2021 1219
  45   12   2 2021 1220
-100 -100   2 2021 1222
  20   12   1 2021 1223
  60   12   1 2021 1224
  44   12   2 2021 1225
  12    8   2 2021 1228
  40   12   3 2021 1229
  38   12   2 2021 1230
-100 -100   2 2021 1231
  40   12   2 2021 1232
-100    2   2 2021 1233
-100 -100   2 2021 1235
  40   12   2 2021 1236
  40   12   2 2021 1237
-100 -100   3 2021 1238
-100 -100   2 2021 1239
  40   11   2 2021 1241
  40   12   2 2021 1243
-100 -100   2 2021 1244
  36    9   3 2021 1245
  50   12   3 2021 1246
-100 -100   2 2021 1247
  30   12   2 2021 1248
  40   12   2 2021 1249
  40   12   2 2021 1250
-100 -100   2 2021 1251
  55   12   3 2021 1252
  40   12   2 2021 1253
-100   11   1 2021 1254
  40 -100   2 2021 1255
 -97 -100   3 2021 1256
-100 -100   2 2021 1257
  55   12   1 2021 1258
  35   10   3 2021 1259
  20   11   2 2021 1260
-100    4   3 2021 1261
-100 -100   2 2021 1263
-100 -100   3 2021 1264
-100 -100   2 2021 1265
-100 -100   1 2021 1266
-100 -100   2 2021 1267
-100   12   2 2021 1268
  40   12   1 2021 1269
-100 -100   1 2021 1270
-100 -100   3 2021 1271
  40   12   3 2021 1272
  50 -100   2 2021 1273
-100  -98   2 2021 1274
  40    1   2 2021 1275
  55   12   2 2021 1276
  24   11   2 2021 1277
  15   12   2 2021 1278
  40   12   2 2021 1279
-100   12   1 2021 1280
  60    9   2 2021 1281
  40   12   1 2021 1282
  36   10   3 2021 1283
  40   12   2 2021 1285
  50   12   2 2021 1286
  40   12   3 2021 1287
  45   12   3 2021 1288
  60   12   2 2021 1289
  25   12   2 2021 1290
  45   12   2 2021 1291
  40   12   1 2021 1292
  35   12   1 2021 1294
-100    6   1 2021 1295
  15    8   1 2021 1297
  55   12   3 2021 1298
-100 -100   2 2021 1299
-100   11   3 2021 1300
  40    9   2 2021 1303
  40   12   2 2021 1304
-100 -100   3 2021 1305
-100 -100   3 2021 1306
  40   12   2 2021 1307
  55   12   2 2021 1308
  40   11   2 2021 1310
  26  -98   2 2021 1312
-100 -100   1 2021 1313
  50  -90   2 2021 1314
-100   12   2 2021 1315
-100 -100   3 2021 1316
  40   12   1 2021 1317
-100 -100   2 2021 1318
  20   12   2 2021 1319
  60  -98   2 2021 1320
  40   12   2 2021 1321
  40   12   2 2021 1322
-100 -100   3 2021 1323
  40   12   1 2021 1324
-100 -100   2 2021 1325
-100 -100   2 2021 1326
  38   10   2 2021 1327
-100 -100   1 2021 1328
-100   10   2 2021 1329
-100    5   2 2021 1330
-100 -100   3 2021 1331
  40 -100   2 2021 1332
-100    9   3 2021 1333
 -99 -100   1 2021 1334
  40   12   2 2021 1335
  45   12   1 2021 1336
-100 -100   2 2021 1337
  40   12   2 2021 1338
-100 -100   2 2021 1339
-100    9   2 2021 1340
-100 -100   1 2021 1341
  40   12   3 2021 1342
-100  -90   2 2021 1343
-100 -100   3 2021 1344
-100 -100   2 2021 1345
-100 -100   2 2021 1346
-100 -100   2 2021 1347
  40   12   2 2021 1348
  40  -97   2 2021 1349
-100   12   1 2021 1350
  40   11   3 2021 1351
-100    9   2 2021 1352
-100 -100   2 2021 1353
-100 -100   2 2021 1354
-100   11   1 2021 1355
  40   11   2 2021 1356
-100 -100   2 2021 1357
-100    6   2 2021 1358
  40   12   2 2021 1359
-100 -100   1 2021 1360
-100    3   1 2021 1361
-100 -100   2 2021 1363
-100    1   2 2021 1364
-100   12   1 2021 1365
  40   12   2 2021 1367
  70   12   2 2021 1368
-100 -100   3 2021 1369
  10    9   3 2021 1370
  30   12   1 2021 1371
  46   12   2 2021 1372
  50   12   2 2021 1373
  35   12   3 2021 1374
-100   11   1 2021 1375
  45  -98   3 2021 1376
-100 -100   1 2021 1379
-100 -100   3 2021 1380
  32   12   2 2021 1381
-100 -100   2 2021 1382
  42   12   2 2021 1383
 -98    8   2 2021 1384
-100 -100   1 2021 1385
-100 -100   3 2021 1386
-100  -98   2 2021 1387
  25   12   2 2021 1388
  60   12   2 2021 1389
-100   11   2 2021 1391
-100 -100   1 2021 1392
-100 -100   2 2021 1393
-100 -100   1 2021 1394
-100 -100   3 2021 1395
  50   12   2 2021 1396
-100 -100   3 2021 1397
-100 -100   2 2021 1398
-100   12   3 2021 1399
  45   12   3 2021 1400
  40   12   2 2021 1401
  40   12   2 2021 1402
  30    2   3 2021 1403
  40   12   2 2021 1404
-100 -100   1 2021 1405
-100    4   2 2021 1406
-100 -100   1 2021 1407
-100    2   3 2021 1408
-100    9   2 2021 1409
  40   10   3 2021 1410
  40   12   2 2021 1411
-100 -100   2 2021 1413
-100 -100   3 2021 1414
  45  -98   3 2021 1415
  40   12   1 2021 1416
-100 -100   2 2021 1417
  55   12   1 2021 1418
-100 -100   3 2021 1419
  45   12   1 2021 1420
  34   12   2 2021 1421
  37   10   2 2021 1422
-100 -100   1 2021 1423
  36   12   2 2021 1424
  20   12   2 2021 1425
-100   12   3 2021 1426
-100 -100   3 2021 1427
  50   12   2 2021 1428
-100   11   1 2021 1429
-100 -100   2 2021 1430
  30   12   1 2021 1431
  40   11   2 2021 1432
-100 -100   3 2021 1433
-100 -100   2 2021 1434
-100 -100   3 2021 1435
  70   12   3 2021 1436
  40    5   2 2021 1437
-100 -100   2 2021 1438
-100    8   2 2021 1440
  60   12   1 2021 1441
-100 -100   2 2021 1442
-100  -90   2 2021 1444
-100 -100   2 2021 1445
-100    9   3 2021 1446
-100 -100   2 2021 1447
  40  -97   2 2021 1448
-100   12   2 2021 1449
  40   12   3 2021 1450
  45   12   2 2021 1451
  45   12   2 2021 1452
-100   12   2 2021 1453
  40   12   2 2021 1454
-100 -100   3 2021 1455
-100 -100   2 2021 1456
-100   12   1 2021 1457
  40   12   1 2021 1458
-100 -100   2 2021 1459
-100 -100   2 2021 1460
-100 -100   2 2021 1461
   0    9   3 2021 1462
  28  -97   2 2021 1463
-100 -100   2 2021 1464
  48  -98   2 2021 1465
  50   12   3 2021 1466
-100   12   2 2021 1467
-100   12   3 2021 1468
-100 -100   2 2021 1469
  40   12   1 2021 1470
  40   12   3 2021 1471
  20   12   1 2021 1472
-100    3   2 2021 1474
-100 -100   2 2021 1475
  20  -98   1 2021 1476
-100  -98   2 2021 1477
  37   12   2 2021 1478
-100 -100   3 2021 1479
-100 -100   3 2021 1480
-100   12   2 2021 1481
-100 -100   3 2021 1482
-100 -100   1 2021 1483
  50   12   2 2021 1484
-100 -100   2 2021 1485
-100 -100   1 2021 1486
-100 -100   2 2021 1487
-100 -100   2 2021 1488
-100 -100   1 2021 1489
-100 -100   1 2021 1490
-100 -100   2 2021 1491
-100 -100   3 2021 1492
-100 -100   2 2021 1493
-100 -100   3 2021 1494
  50  -98   2 2021 1495
-100 -100   3 2021 1496
-100    2   3 2021 1497
-100 -100   2 2021 1498
  40 -100   1 2021 1499
  40   12   2 2021 1501
  40   12   2 2021 1502
-100 -100   2 2021 1504
  40   12   1 2021 1505
-100 -100   1 2021 1506
-100    7   2 2021 1507
  65   12   2 2021 1508
-100   12   2 2021 1509
  44  -98   3 2021 1511
  50   12   1 2021 1512
  40  -98   2 2021 1513
  40   12   1 2021 1514
-100 -100   3 2021 1515
-100 -100   2 2021 1516
  30   12   2 2021 1517
  80   12   3 2021 1518
  20    8   2 2021 1519
  89 -100   2 2021 1520
-100 -100   1 2021 1521
  60   12   2 2021 1522
-100 -100   2 2021 1523
  50   12   1 2021 1524
-100 -100   3 2021 1525
  12   12   2 2021 1526
 -97    2   2 2021 1527
  50   12   1 2021 1528
-100 -100   2 2021 1529
-100 -100   3 2021 1530
  32   12   2 2021 1531
-100 -100   1 2021 1532
-100 -100   2 2021 1534
  40   12   2 2021 1535
-100    9   3 2021 1536
  40   12   2 2021 1537
  40   12   2 2021 1538
  50   12   2 2021 1539
-100 -100   1 2021 1540
  40   12   2 2021 1541
  50   12   1 2021 1542
  40   12   2 2021 1543
  50   12   2 2021 1544
  52  -98   1 2021 1545
-100 -100   3 2021 1546
  48   12   2 2021 1547
  50   12   2 2021 1548
-100 -100   2 2021 1549
-100 -100   2 2021 1550
-100 -100   3 2021 1551
-100    4   2 2021 1552
-100   12   1 2021 1553
  15   11   1 2021 1554
  10    8   2 2021 1555
-100 -100   2 2021 1557
-100    5   3 2021 1558
  50   12   3 2021 1559
-100 -100   2 2021 1560
-100 -100   1 2021 1561
-100    2   3 2021 1562
-100 -100   1 2021 1563
  50    6   2 2021 1564
-100 -100   2 2021 1565
-100 -100   2 2021 1566
-100   12   3 2021 1567
  40   11   2 2021 1568
-100   12   1 2021 1569
-100 -100   1 2021 1570
-100 -100   2 2021 1571
-100 -100   1 2021 1572
  56   10   1 2021 1573
  52  -98   2 2021 1574
  48   12   1 2021 1575
  42   12   2 2021 1576
-100   11   2 2021 1577
-100 -100   2 2021 1578
-100 -100   2 2021 1579
  50   12   2 2021 1580
-100 -100   2 2021 1581
  45   12   2 2021 1582
-100 -100   2 2021 1583
  20   11   2 2021 1584
  40   12   3 2021 1585
-100 -100   3 2021 1586
-100 -100   1 2021 1587
-100    4   2 2021 1588
  40   12   1 2021 1589
-100 -100   2 2021 1590
-100    2   2 2021 1591
  60  -97   2 2021 1592
  40   12   2 2021 1593
-100 -100   1 2021 1594
   1   12   1 2021 1595
  25   12   1 2021 1596
  40  -98   3 2021 1597
-100 -100   3 2021 1598
-100 -100   2 2021 1599
  40   12   2 2021 1600
-100  -98   3 2021 1601
-100 -100   3 2021 1602
  50   12   2 2021 1603
  40   12   1 2021 1604
  25    9   2 2021 1606
-100 -100   1 2021 1607
-100 -100   2 2021 1608
  40    9   1 2021 1610
-100 -100   3 2021 1612
-100 -100   1 2021 1613
  40   12   1 2021 1614
  45   12   2 2021 1616
  40   12   1 2021 1617
  40   12   2 2021 1618
  40   12   1 2021 1619
  24 -100   1 2021 1620
  40   11   2 2021 1621
-100    9   2 2021 1622
-100 -100   3 2021 1623
  20   10   3 2021 1624
-100   12   2 2021 1625
-100   12   3 2021 1626
-100 -100   2 2021 1627
-100 -100   3 2021 1628
  43 -100   2 2021 1629
  40   12   1 2021 1630
  20    7   2 2021 1631
-100   12   1 2021 1632
  40   12   2 2021 1633
  45   12   3 2021 1634
  16    2   2 2021 1635
   3  -98   2 2021 1636
-100 -100   3 2021 1638
  40   11   1 2021 1639
-100 -100   2 2021 1640
  45   12   2 2021 1641
-100 -100   1 2021 1643
-100  -98   3 2021 1644
-100 -100   1 2021 1646
-100 -100   2 2021 1647
  40   12   2 2021 1648
  40   12   2 2021 1649
-100 -100   1 2021 1650
-100  -98   2 2021 1651
  40   12   2 2021 1652
  24   12   2 2021 1653
  40  -90   3 2021 1654
-100 -100   2 2021 1655
  40  -97   2 2021 1656
  43    9   2 2021 1657
  40   12   1 2021 1658
  20 -100   2 2021 1659
  40   12   2 2021 1660
  40   12   2 2021 1661
  40   12   2 2021 1662
-100 -100   3 2021 1663
  45  -98   1 2021 1664
-100 -100   1 2021 1665
-100   12   1 2021 1667
  10  -97   2 2021 1668
-100 -100   3 2021 1669
-100   12   3 2021 1671
  40   12   2 2021 1672
-100   10   2 2021 1673
  70   12   3 2021 1674
-100 -100   2 2021 1675
-100 -100   3 2021 1676
-100    3   2 2021 1677
-100    7   3 2021 1678
  30 -100   2 2021 1681
-100    8   2 2021 1682
-100   12   2 2021 1683
-100    5   3 2021 1684
  20   12   2 2021 1685
  40   12   2 2021 1686
  50   12   2 2021 1687
  50   12   2 2021 1688
  16   12   1 2021 1689
  40   12   2 2021 1691
  52   12   1 2021 1692
-100   12   2 2021 1694
  40   12   2 2021 1695
  10   11   3 2021 1696
-100 -100   3 2021 1697
-100 -100   2 2021 1698
-100   12   1 2021 1699
-100 -100   2 2021 1700
  45   12   3 2021 1701
  40   12   3 2021 1702
  40  -97   1 2021 1703
  50   12   2 2021 1704
-100 -100   3 2021 1705
-100 -100   2 2021 1707
-100 -100   2 2021 1708
  40   12   1 2021 1709
-100 -100   2 2021 1710
-100 -100   3 2021 1711
  47   12   2 2021 1712
  41   12   3 2021 1713
  30   10   2 2021 1714
  40   12   2 2021 1715
  12   12   1 2021 1716
  65   12   2 2021 1717
  25    3   3 2021 1718
  40   12   3 2021 1719
  50   12   2 2021 1720
-100  -90   3 2021 1721
  40   12   2 2021 1722
-100    9   1 2021 1723
  40   12   2 2021 1724
-100 -100   2 2021 1726
-100   12   2 2021 1727
-100    9   3 2021 1728
  14   12   2 2021 1729
  36   12   3 2021 1731
-100 -100   2 2021 1732
  40    8   2 2021 1733
  50  -98   1 2021 1734
-100    9   2 2021 1735
  45   12   2 2021 1736
  40  -98   2 2021 1738
-100 -100   3 2021 1739
  20   11   1 2021 1741
  45   11   2 2021 1742
-100   12   2 2021 1743
  45   12   2 2021 1744
  30    9   2 2021 1745
  55   12   1 2021 1746
  36   11   3 2021 1747
-100 -100   2 2021 1748
-100 -100   2 2021 1750
  40  -98   2 2021 1751
  10   12   2 2021 1752
  30    7   2 2021 1753
-100   11   2 2021 1754
  64   12   1 2021 1755
  45   12   3 2021 1756
  40   12   1 2021 1757
  48   12   2 2021 1758
-100 -100   1 2021 1759
  40   12   2 2021 1760
-100 -100   1 2021 1761
-100 -100   1 2021 1762
-100   12   2 2021 1763
-100    3   2 2021 1764
-100    9   2 2021 1766
-100 -100   3 2021 1767
-100 -100   2 2021 1768
-100   12   2 2021 1769
  40   12   3 2021 1770
-100 -100   3 2021 1771
  50   12   2 2021 1772
  50 -100   2 2021 1773
-100 -100   2 2021 1774
-100 -100   1 2021 1776
-100   12   1 2021 1777
-100 -100   2 2021 1778
-100 -100   1 2021 1779
  40   12   1 2021 1782
-100   12   1 2021 1783
  40   12   2 2021 1784
-100 -100   2 2021 1785
-100   12   2 2021 1786
-100   12   3 2021 1787
  50   12   3 2021 1788
  50   12   2 2021 1789
-100  -98   3 2021 1790
  40   12   1 2021 1791
  40    9   2 2021 1792
  40   12   2 2021 1793
  23    2   2 2021 1794
-100 -100   3 2021 1795
-100 -100   2 2021 1796
  40   12   3 2021 1797
-100 -100   1 2021 1798
-100   12   2 2021 1802
-100 -100   2 2021 1803
-100 -100   1 2021 1806
-100 -100   2 2021 1807
  62   12   2 2021 1808
-100   12   2 2021 1809
-100 -100   3 2021 1810
  60   12   1 2021 1811
-100 -100   3 2021 1812
-100 -100   2 2021 1813
  40   12   2 2021 1814
-100 -100   2 2021 1815
-100 -100   3 2021 1816
  40   12   2 2021 1817
  60   12   2 2021 1818
  40   12   2 2021 1819
-100    4   2 2021 1820
  40   12   3 2021 1821
  40   12   2 2021 1822
-100 -100   2 2021 1823
  40   12   2 2021 1824
  40 -100   2 2021 1825
-100 -100   2 2021 1826
-100 -100   3 2021 1827
  55  -98   2 2021 1828
-100 -100   3 2021 1829
-100 -100   3 2021 1830
   8    3   2 2021 1831
-100 -100   2 2021 1832
  40  -98   2 2021 1833
  40   11   2 2021 1834
  43   12   2 2021 1835
  40   12   2 2021 1836
-100 -100   2 2021 1837
-100    2   3 2021 1838
  56   12   2 2021 1839
-100    2   1 2021 1840
-100 -100   2 2021 1841
  45   12   2 2021 1842
-100 -100   1 2021 1844
-100 -100   1 2021 1845
  12 -100   2 2021 1846
-100 -100   2 2021 1847
-100 -100   2 2021 1848
  40   12   2 2021 1849
  57   12   3 2021 1850
  50  -97   2 2021 1851
  40   12   1 2021 1852
-100 -100   3 2021 1853
  40   12   3 2021 1854
  45   12   2 2021 1855
-100 -100   3 2021 1856
-100 -100   2 2021 1857
  40   12   2 2021 1858
-100 -100   2 2021 1859
  43   12   3 2021 1860
  42   12   3 2021 1861
  50   12   2 2021 1862
-100 -100   2 2021 1863
  60   12   2 2021 1864
  30   10   2 2021 1865
-100 -100   1 2021 1866
  40   12   3 2021 1867
-100 -100   2 2021 1868
  40   11   2 2021 1869
-100 -100   1 2021 1871
-100 -100   2 2021 1872
  20   12   2 2021 1875
  50   12   1 2021 1876
-100 -100   1 2021 1877
  40   12   2 2021 1878
  27    9   2 2021 1879
-100   12   3 2021 1881
-100    4   3 2021 1882
-100    6   1 2021 1883
  16    9   2 2021 1884
  40   12   2 2021 1885
  45   12   1 2021 1887
-100    1   3 2021 1888
-100 -100   3 2021 1889
-100   12   2 2021 1890
  35   12   2 2021 1891
-100   12   3 2021 1892
-100   10   2 2021 1893
-100    3   2 2021 1894
  60   12   2 2021 1895
-100 -100   2 2021 1896
  15  -98   3 2021 1897
-100  -97   2 2021 1898
  38   12   2 2021 1899
-100 -100   3 2021 1900
  40    8   3 2021 1901
  12    2   2 2021 1902
  20   12   1 2021 1903
  45    9   3 2021 1904
-100    6   2 2021 1905
-100 -100   2 2021 1908
  40  -98   2 2021 1909
-100  -90   1 2021 1910
  42   12   1 2021 1912
-100 -100   3 2021 1913
  35   12   2 2021 1914
-100   10   3 2021 1915
  40   12   2 2021 1916
  32  -98   3 2021 1917
  40   12   2 2021 1918
-100  -90   2 2021 1919
-100 -100   2 2021 1920
-100    6   2 2021 1922
  50   12   2 2021 1923
  45   12   2 2021 1924
-100    4   2 2021 1925
-100 -100   3 2021 1926
  40   12   3 2021 1927
-100 -100   2 2021 1928
  40   12   3 2021 1929
-100  -90   1 2021 1930
-100 -100   1 2021 1932
  45   12   2 2021 1933
  40   12   2 2021 1934
-100 -100   2 2021 1935
-100    7   3 2021 1936
  35    9   3 2021 1937
  45   12   1 2021 1938
-100    9   2 2021 1939
-100 -100   1 2021 1941
  40   12   3 2021 1942
  40   12   1 2021 1943
  40   12   1 2021 1944
-100 -100   2 2021 1945
-100 -100   2 2021 1946
  40   12   2 2021 1947
  38   12   3 2021 1949
-100   12   3 2021 1950
   8    6   3 2021 1951
-100   12   3 2021 1952
  40   12   2 2021 1953
-100 -100   2 2021 1954
   8 -100   2 2021 1955
-100 -100   1 2021 1956
-100 -100   2 2021 1957
-100 -100   1 2021 1958
-100 -100   1 2021 1959
  40   12   2 2021 1960
-100 -100   1 2021 1961
  40   12   1 2021 1962
  32   11   3 2021 1964
  70   12   3 2021 1965
  44 -100   2 2021 1966
-100    7   3 2021 1967
  55   12   2 2021 1968
-100 -100   3 2021 1969
-100   12   1 2021 1970
-100  -90   2 2021 1971
-100 -100   2 2021 1973
  40   12   2 2021 1974
-100 -100   3 2021 1975
  40   12   2 2021 1976
-100 -100   3 2021 1977
  56   12   3 2021 1978
-100 -100   2 2021 1979
  45   12   3 2021 1980
-100   12   1 2021 1981
-100  -90   3 2021 1983
  36   12   3 2021 1984
  40    2   3 2021 1985
  38    9   2 2021 1986
  40   11   2 2021 1988
  70   12   2 2021 1989
  40   12   3 2021 1990
-100 -100   3 2021 1991
-100 -100   2 2021 1992
  40 -100   2 2021 1993
-100 -100   2 2021 1994
  40   11   3 2021 1995
-100   12   2 2021 1996
-100  -98   3 2021 1997
  40   10   3 2021 1998
-100   11   3 2021 1999
  40  -98   2 2021 2000
  48   12   2 2021 2001
-100 -100   1 2021 2002
  50   12   2 2021 2003
  44   12   2 2021 2005
  40   12   1 2021 2006
-100  -98   3 2021 2007
  40   12   2 2021 2008
  44  -97   3 2021 2009
  25   12   3 2021 2010
-100    3   2 2021 2011
-100   11   3 2021 2012
-100 -100   2 2021 2014
  50 -100   1 2021 2016
-100   12   3 2021 2017
  40   12   2 2021 2018
  32   12   2 2021 2019
-100 -100   3 2021 2020
-100 -100   2 2021 2021
-100   12   2 2021 2022
-100 -100   2 2021 2023
-100 -100   1 2021 2024
  36   12   2 2021 2025
  41    9   2 2021 2026
  40   12   3 2021 2027
-100 -100   2 2021 2028
-100   12   2 2021 2029
  80   12   1 2021 2030
-100   12   2 2021 2031
-100 -100   1 2021 2032
  40   12   2 2021 2033
  60   12   2 2021 2034
-100 -100   2 2021 2035
-100   12   2 2021 2036
-100    8   2 2021 2037
  40    9   2 2021 2038
  20   12   2 2021 2039
  41   12   3 2021 2040
  40 -100   2 2021 2042
   5    8   2 2021 2043
-100 -100   2 2021 2044
-100   12   3 2021 2045
  43  -98   2 2021 2046
  80   12   3 2021 2047
  40   12   3 2021 2048
  52   11   2 2021 2049
-100    7   1 2021 2050
-100 -100   1 2021 2051
  70   12   2 2021 2052
  25   10   2 2021 2053
-100 -100   2 2021 2055
  42    1   3 2021 2056
-100 -100   1 2021 2057
  70   12   2 2021 2058
-100  -98   2 2021 2059
-100 -100   3 2021 2060
-100    9   2 2021 2062
-100 -100   2 2021 2063
  40   11   2 2021 2064
-100 -100   1 2021 2065
-100    9   2 2021 2067
  40   12   3 2021 2068
-100 -100   1 2021 2069
-100 -100   1 2021 2070
-100 -100   3 2021 2071
  40   12   2 2021 2072
  35 -100   1 2021 2073
-100 -100   2 2021 2074
-100 -100   2 2021 2075
  30 -100   2 2021 2076
-100 -100   2 2021 2077
  84   12   2 2021 2078
  88  -98   2 2021 2079
-100 -100   3 2021 2080
-100 -100   2 2021 2081
-100 -100   1 2021 2082
  45 -100   2 2021 2083
-100    2   2 2021 2084
  56   12   1 2021 2085
  40   12   2 2021 2086
-100    1   2 2021 2087
-100   12   2 2021 2089
-100 -100   1 2021 2090
-100   10   1 2021 2091
  45   12   2 2021 2092
-100 -100   2 2021 2093
  55   12   1 2021 2094
-100 -100   2 2021 2095
  50   12   1 2021 2097
  40   12   2 2021 2098
-100   12   2 2021 2099
  20    9   3 2021 2100
  25   12   2 2021 2101
  40  -98   2 2021 2102
  35   12   2 2021 2103
-100 -100   2 2021 2104
-100    9   2 2021 2105
   8   12   2 2021 2106
-100  -90   3 2021 2108
 -99   12   2 2021 2109
  40   12   2 2021 2110
  40   12   2 2021 2111
-100 -100   2 2021 2112
-100    9   2 2021 2113
-100 -100   2 2021 2114
  63   12   2 2021 2115
 -99 -100   3 2021 2116
  40   12   1 2021 2117
-100 -100   1 2021 2118
  50   12   2 2021 2119
-100 -100   2 2021 2120
  35   12   3 2021 2121
-100 -100   2 2021 2122
  40   12   2 2021 2123
  60   12   2 2021 2124
  37   12   2 2021 2125
  45   12   1 2021 2126
  20   12   1 2021 2127
  40    7   2 2021 2129
  40   12   1 2021 2130
  40   12   1 2021 2131
-100   12   2 2021 2132
-100    9   2 2021 2133
-100 -100   2 2021 2134
  50   12   2 2021 2135
-100   10   2 2021 2138
  72   12   3 2021 2139
  42   11   2 2021 2140
  17 -100   1 2021 2141
-100 -100   3 2021 2142
  30   12   2 2021 2143
-100 -100   2 2021 2144
-100 -100   3 2021 2145
  36   12   3 2021 2146
-100 -100   2 2021 2147
  60 -100   2 2021 2148
-100    7   3 2021 2150
 -99    4   1 2021 2151
-100    9   3 2021 2152
-100 -100   2 2021 2153
  40   12   1 2021 2154
  40   12   1 2021 2155
-100   12   1 2021 2156
  40   12   2 2021 2157
-100 -100   2 2021 2158
-100   12   2 2021 2159
  38   12   2 2021 2160
  42   12   2 2021 2161
  60  -90   2 2021 2162
-100 -100   2 2021 2163
  45   12   2 2021 2164
-100   12   2 2021 2165
-100 -100   1 2021 2166
  40   12   2 2021 2168
-100  -98   1 2021 2169
  24    4   2 2021 2170
  45   12   3 2021 2172
  40   10   3 2021 2173
  60   12   1 2021 2174
  48   12   3 2021 2175
-100  -98   2 2021 2176
  45   12   2 2021 2177
  40   12   1 2021 2178
-100 -100   2 2021 2179
 -99    2   2 2021 2180
  50 -100   3 2021 2181
-100 -100   2 2021 2182
-100 -100   2 2021 2183
  40   11   3 2021 2184
  60   12   2 2021 2185
-100 -100   2 2021 2186
  39   12   2 2021 2187
-100 -100   2 2021 2189
-100  -98   2 2021 2190
  40   12   1 2021 2191
  30    7   2 2021 2194
  40   12   2 2021 2195
-100 -100   3 2021 2196
-100   10   3 2021 2197
-100 -100   1 2021 2198
  40    6   1 2021 2199
-100 -100   2 2021 2200
-100   12   2 2021 2201
  36   12   1 2021 2202
  40   12   2 2021 2203
-100 -100   3 2021 2204
-100 -100   3 2021 2205
  38   12   2 2021 2206
-100 -100   1 2021 2207
-100 -100   2 2021 2208
  40   12   2 2021 2209
  20    9   3 2021 2210
  20  -98   3 2021 2211
-100 -100   2 2021 2212
-100 -100   2 2021 2213
  32 -100   1 2021 2214
  72   12   2 2021 2215
  20    9   3 2021 2216
  40   12   2 2021 2217
-100    9   1 2021 2218
  45   10   2 2021 2219
-100 -100   1 2021 2220
-100   12   3 2021 2221
  40   10   2 2021 2222
-100    9   1 2021 2223
  40   12   3 2021 2224
  68   12   3 2021 2225
-100 -100   1 2021 2226
  30 -100   2 2021 2228
  40   12   2 2021 2229
-100 -100   2 2021 2230
  40   12   2 2021 2231
  45   12   2 2021 2232
  40   12   1 2021 2233
-100   11   3 2021 2234
  32   12   2 2021 2236
-100 -100   3 2021 2237
  50   12   2 2021 2238
-100  -98   3 2021 2239
  50   12   2 2021 2240
  45   12   3 2021 2241
-100   11   1 2021 2242
-100 -100   2 2021 2243
  30   11   2 2021 2244
  35   12   2 2021 2245
  35   12   2 2021 2246
  20    9   2 2021 2247
  40   11   1 2021 2248
-100   12   2 2021 2250
-100 -100   2 2021 2251
-100 -100   2 2021 2254
-100  -90   2 2021 2255
  30   10   3 2021 2256
  50    6   3 2021 2257
  55   12   2 2021 2258
  40   12   2 2021 2259
-100 -100   2 2021 2260
  30   12   1 2021 2261
-100   12   1 2021 2262
  40   12   2 2021 2263
-100 -100   1 2021 2264
-100 -100   3 2021 2265
-100 -100   1 2021 2266
  40 -100   2 2021 2267
  43   12   2 2021 2268
  36   12   2 2021 2269
  40  -98   2 2021 2270
  30    9   3 2021 2271
-100 -100   1 2021 2272
  10    8   3 2021 2273
   6    8   1 2021 2274
-100 -100   1 2021 2275
  40   12   2 2021 2276
-100   12   3 2021 2277
-100   10   2 2021 2278
  45   12   2 2021 2279
  50   12   2 2021 2280
-100  -90   1 2021 2283
-100   11   2 2021 2284
-100 -100   2 2021 2285
  40   12   2 2021 2286
  24   12   2 2021 2287
  60   12   2 2021 2288
  40   11   2 2021 2290
  60 -100   2 2021 2291
-100   12   2 2021 2292
-100 -100   2 2021 2293
  40   12   1 2021 2294
  36   11   3 2021 2295
-100  -98   2 2021 2296
  60   12   1 2021 2297
  40   12   2 2021 2298
-100 -100   2 2021 2299
  50   12   2 2021 2300
  20 -100   2 2021 2301
-100 -100   2 2021 2303
-100 -100   2 2021 2304
  27    9   2 2021 2305
  15    9   2 2021 2306
  50   12   2 2021 2307
-100 -100   2 2021 2308
-100   12   1 2021 2309
  32 -100   3 2021 2310
  40   12   2 2021 2311
  40   12   2 2021 2312
-100 -100   2 2021 2313
  42   12   1 2021 2314
   8    6   1 2021 2315
   6   11   1 2021 2316
  40   12   2 2021 2317
  40    5   3 2021 2318
   2    6   1 2021 2319
-100 -100   1 2021 2320
  32   10   2 2021 2321
  40   12   1 2021 2323
  40   11   3 2021 2325
  37 -100   2 2021 2327
  60   12   2 2021 2328
  40   12   2 2021 2330
 -99   10   2 2021 2331
  40   12   3 2021 2332
-100    1   3 2021 2334
  55   12   3 2021 2335
-100   12   2 2021 2336
  27 -100   2 2021 2337
-100    1   3 2021 2338
  45  -97   2 2021 2339
  40 -100   3 2021 2341
  50   12   2 2021 2342
  30   11   2 2021 2343
  50    9   3 2021 2344
-100 -100   2 2021 2345
  48  -97   1 2021 2346
  40   12   2 2021 2347
-100 -100   3 2021 2348
  40   12   2 2021 2349
  40   12   2 2021 2350
  41   12   2 2021 2351
-100 -100   2 2021 2352
  40  -98   2 2021 2353
-100 -100   3 2021 2354
-100 -100   3 2021 2355
-100   12   1 2021 2357
-100  -98   2 2021 2358
   8 -100   3 2021 2360
  60   12   2 2021 2362
-100 -100   3 2021 2363
  40   12   2 2021 2364
-100 -100   2 2021 2365
-100   11   1 2021 2366
-100 -100   2 2021 2367
  40   12   1 2021 2368
-100    7   3 2021 2369
-100   12   2 2021 2370
-100 -100   3 2021 2371
-100 -100   1 2021 2372
-100   10   3 2021 2373
  32   12   2 2021 2374
   5   10   3 2021 2375
  30    5   1 2021 2376
  28   10   3 2021 2377
-100   12   3 2021 2378
-100   11   2 2021 2379
-100 -100   2 2021 2380
-100 -100   2 2021 2381
-100 -100   2 2021 2382
  40   10   2 2021 2383
-100 -100   2 2021 2384
  40    9   2 2021 2386
-100  -97   2 2021 2387
  10   10   2 2021 2388
  45 -100   3 2021 2389
  15   12   2 2021 2391
  40   12   2 2021 2392
  35   12   3 2021 2393
-100   10   2 2021 2394
 -99  -90   2 2021 2395
-100    1   2 2021 2396
  80   12   1 2021 2397
  40   12   2 2021 2398
-100 -100   1 2021 2399
  50   12   1 2021 2400
-100 -100 -97 2021 2402
-100   12   2 2021 2403
-100 -100   3 2021 2404
  20   12   2 2021 2405
-100   12   1 2021 2406
-100 -100   2 2021 2407
  40   12   1 2021 2408
-100   10   3 2021 2410
  40   10   3 2021 2411
 -99    8   1 2021 2412
  40  -90   2 2021 2413
  32   12   3 2021 2414
-100 -100   2 2021 2415
  32   12   2 2021 2416
  40   12   1 2021 2417
-100 -100   3 2021 2418
-100   12   2 2021 2419
  40   12   1 2021 2420
  45   12   2 2021 2421
-100    8   1 2021 2422
  45   11   3 2021 2424
-100 -100   2 2021 2425
  50   12   2 2021 2426
-100 -100   3 2021 2428
-100 -100   1 2021 2429
  40   12   2 2021 2430
-100 -100   2 2021 2431
-100    9   1 2021 2432
  50   12   1 2021 2433
  60   12   2 2021 2434
  40 -100   1 2021 2435
  50   12   2 2021 2436
-100    9   2 2021 2437
  37    9   1 2021 2438
  70   12   3 2021 2439
-100    9   2 2021 2440
  40   12   2 2021 2441
-100 -100   2 2021 2442
  40   10   3 2021 2443
-100 -100   3 2021 2444
  40 -100   2 2021 2445
-100    4   2 2021 2446
  40  -98   1 2021 2447
  10    7   2 2021 2448
-100 -100   3 2021 2449
  40   12   2 2021 2450
  52   12   3 2021 2451
  50   12   3 2021 2452
-100 -100   3 2021 2453
-100   10   2 2021 2454
  40   12   2 2021 2455
-100 -100   1 2021 2456
  40 -100   2 2021 2457
-100  -98   2 2021 2458
  40   12   2 2021 2459
-100    6   2 2021 2460
-100   11   3 2021 2461
-100   12   2 2021 2462
-100    9   3 2021 2463
  30   12   3 2021 2464
  84   12   2 2021 2465
   0 -100   2 2021 2466
  40   12   3 2021 2467
 -99   12   2 2021 2468
  40   12   1 2021 2469
  20  -98   2 2021 2470
  40   12   3 2021 2471
-100    2   1 2021 2472
-100 -100   1 2021 2474
-100 -100   2 2021 2475
  50   12   3 2021 2478
  80   12   1 2021 2479
-100 -100   3 2021 2480
-100 -100   1 2021 2481
  40   12   2 2021 2483
-100 -100   3 2021 2486
  48   12   2 2021 2487
  40   12   2 2021 2488
-100   11   2 2021 2489
  40    4   2 2021 2490
  44   12   2 2021 2493
  40   12   1 2021 2494
-100 -100   3 2021 2495
  40   12   3 2021 2496
  10   12   1 2021 2497
-100 -100   1 2021 2498
-100   12   2 2021 2499
   0 -100   1 2021 2500
  40   12   2 2021 2501
-100 -100   1 2021 2502
-100 -100   1 2021 2503
  40  -97   2 2021 2504
  40   12   3 2021 2505
  40   12   2 2021 2506
-100 -100   3 2021 2507
-100 -100   3 2021 2508
-100 -100   2 2021 2510
  24   12   2 2021 2511
-100 -100   3 2021 2513
  45 -100   2 2021 2514
  40   12   2 2021 2515
  40   12   2 2021 2516
  50   12   1 2021 2517
  24  -90   1 2021 2518
-100 -100   2 2021 2519
-100 -100   2 2021 2520
  28   12   2 2021 2521
  40   12   2 2021 2522
   8    2   1 2021 2523
  40   12   2 2021 2524
-100 -100   2 2021 2525
  40  -98   2 2021 2526
-100 -100   3 2021 2527
-100   10   3 2021 2528
  40   12   3 2021 2529
-100    9   2 2021 2530
  40   12   2 2021 2531
  40   12   2 2021 2532
  40 -100   2 2021 2533
-100 -100   2 2021 2535
  40   12   2 2021 2536
  35   12   1 2021 2537
  40   11   2 2021 2538
  40   12   2 2021 2539
  40   12   1 2021 2540
  40   12   2 2021 2541
  40   12   1 2021 2542
-100 -100   3 2021 2543
-100    9   3 2021 2544
  55 -100   2 2021 2545
-100 -100   2 2021 2546
-100 -100   2 2021 2547
-100 -100   2 2021 2548
-100 -100   2 2021 2549
  15 -100   1 2021 2550
  40   12   1 2021 2551
  45   12   2 2021 2552
-100 -100   1 2021 2553
-100 -100   2 2021 2555
-100   12   2 2021 2556
-100   12   2 2021 2557
  40   12   2 2021 2558
  40   12   2 2021 2559
-100   12   2 2021 2560
-100   12   2 2021 2561
  40   12   2 2021 2562
-100   10   3 2021 2565
-100 -100   2 2021 2566
-100 -100   2 2021 2567
-100 -100   2 2021 2568
-100 -100   2 2021 2569
 -99 -100   2 2021 2570
  56   12   2 2021 2571
  40  -98   1 2021 2572
-100    5   3 2021 2573
-100   12   2 2021 2574
  40  -98   2 2021 2575
  40    6   2 2021 2576
  60  -90   1 2021 2577
  29   10   2 2021 2578
  40   12   3 2021 2579
-100 -100   2 2021 2580
-100    9   3 2021 2581
  45   12   3 2021 2582
-100   12   1 2021 2583
-100 -100   3 2021 2584
-100 -100   3 2021 2585
  60   12   2 2021 2586
-100   10   2 2021 2587
-100 -100   2 2021 2588
-100 -100   1 2021 2589
  20   12   1 2021 2590
  40   12   2 2021 2591
  40   12   2 2021 2592
-100 -100   1 2021 2593
  40   12   2 2021 2594
-100   12   2 2021 2595
-100   12   2 2021 2596
-100   10   3 2021 2597
  20   12   3 2021 2598
  45   12   3 2021 2599
-100 -100   2 2021 2600
-100 -100   2 2021 2601
  45   12   2 2021 2602
  40 -100   2 2021 2603
  40    8   2 2021 2604
  36   12   1 2021 2606
-100   12   2 2021 2607
  50   12   3 2021 2608
  40  -98   2 2021 2609
  20 -100   2 2021 2610
-100 -100   2 2021 2611
   3    6   2 2021 2612
-100  -90   3 2021 2613
-100 -100   2 2021 2614
-100 -100   3 2021 2615
-100 -100   1 2021 2617
-100 -100   3 2021 2618
-100 -100   3 2021 2619
-100 -100   1 2021 2620
-100   12   2 2021 2621
-100 -100   3 2021 2623
  40 -100   2 2021 2624
  37   12   2 2021 2625
-100   12   2 2021 2626
  25   12   2 2021 2627
-100    2   3 2021 2628
  36   12   2 2021 2629
  40   12   2 2021 2630
-100 -100   2 2021 2631
  60  -98   2 2021 2632
  65   12   3 2021 2633
-100 -100   2 2021 2634
-100   10   3 2021 2635
  50 -100   2 2021 2636
  60    9   1 2021 2637
-100 -100   1 2021 2638
  35   12   2 2021 2639
  40   12   2 2021 2640
  40   11   2 2021 2641
-100    1   1 2021 2642
-100 -100   2 2021 2643
-100   12   2 2021 2644
  23   12   2 2021 2645
-100 -100   3 2021 2646
-100 -100   2 2021 2648
  36 -100   2 2021 2649
-100 -100   2 2021 2650
-100    9   3 2021 2651
-100    2   2 2021 2652
-100 -100   1 2021 2653
-100   12   1 2021 2655
-100 -100   1 2021 2656
  40   12   2 2021 2657
-100   11   1 2021 2658
 -99   10   3 2021 2659
-100   12   2 2021 2660
  45   12   1 2021 2661
  10    9   2 2021 2662
  40   12   2 2021 2664
-100 -100   2 2021 2665
  50   12   3 2021 2666
  20    3   3 2021 2668
-100 -100   2 2021 2669
-100 -100   3 2021 2671
  36   12   2 2021 2672
-100   12   2 2021 2674
-100   11   1 2021 2675
-100  -90   2 2021 2676
  40  -97   2 2021 2677
-100   12   2 2021 2678
-100 -100   2 2021 2679
-100 -100   1 2021 2680
-100 -100   2 2021 2681
-100 -100   3 2021 2682
-100  -98   2 2021 2683
  40   12   2 2021 2684
-100 -100   2 2021 2685
-100 -100   2 2021 2686
-100   12   2 2021 2687
  40   12   1 2021 2688
  40   12   1 2021 2689
-100 -100   1 2021 2690
  50   12   1 2021 2691
  40   12   2 2021 2692
  48   11   3 2021 2693
  48   10   2 2021 2695
-100 -100   2 2021 2696
  40   12   1 2021 2697
  60   12   1 2021 2698
  48   12   2 2021 2699
  35   12   1 2021 2700
  35   10   3 2021 2701
  40   12   2 2021 2702
-100 -100   2 2021 2703
  55   12   1 2021 2704
  40   12   1 2021 2705
-100 -100   2 2021 2706
  48   12   2 2021 2707
-100 -100   2 2021 2708
-100 -100   2 2021 2709
  40   12   2 2021 2710
-100 -100   2 2021 2711
-100 -100   2 2021 2712
  50   12   2 2021 2713
  43   12   1 2021 2714
-100   12   2 2021 2715
-100  -98   2 2021 2716
  40   12   2 2021 2717
-100 -100   1 2021 2718
-100 -100   2 2021 2719
  40   10   2 2021 2720
-100    1   1 2021 2722
  60   12   2 2021 2723
-100 -100   2 2021 2725
  45   12   2 2021 2726
-100 -100   2 2021 2727
  42   12   3 2021 2728
-100 -100   3 2021 2729
-100 -100   2 2021 2731
-100 -100   2 2021 2733
  80   12   2 2021 2734
  40   12   2 2021 2735
-100 -100   2 2021 2736
-100 -100   1 2021 2737
  12    9   2 2021 2738
-100 -100   3 2021 2739
-100 -100   3 2021 2740
-100 -100   3 2021 2741
   0   12   1 2021 2742
  40   12   2 2021 2743
 -99   12   3 2021 2744
  42 -100   3 2021 2745
  48   12   2 2021 2746
  64   12   2 2021 2747
-100    1   3 2021 2748
  40  -90   2 2021 2749
-100 -100   2 2021 2750
  41   12   2 2021 2751
-100 -100   2 2021 2752
  20   12   2 2021 2753
-100 -100   3 2021 2754
  18   12   2 2021 2756
-100 -100   2 2021 2757
-100    9   1 2021 2758
  45   12   2 2021 2759
-100 -100   2 2021 2760
-100 -100   2 2021 2761
  55   12   2 2021 2762
-100    2   1 2021 2763
-100 -100   1 2021 2764
  25  -98   2 2021 2766
-100 -100   2 2021 2767
-100 -100   2 2021 2769
-100 -100   1 2021 2771
-100  -90   2 2021 2772
-100  -90   3 2021 2773
  52   12   2 2021 2774
-100 -100   2 2021 2775
  40   12   2 2021 2776
-100    2   2 2021 2777
  40 -100   1 2021 2778
  45   11   3 2021 2779
  22   12   3 2021 2781
-100 -100   2 2021 2782
  20  -98   3 2021 2783
  35   12   3 2021 2784
  50   12   2 2021 2785
  40   12   1 2021 2786
-100    7   2 2021 2787
-100 -100   1 2021 2790
  50   12   3 2021 2791
  40  -98   2 2021 2793
  40   12   2 2021 2794
  40   12   3 2021 2795
-100   12   3 2021 2796
  44 -100   2 2021 2797
-100 -100   2 2021 2798
  40   12   1 2021 2799
  38   10   3 2021 2800
  38   12   2 2021 2801
-100 -100   2 2021 2802
-100 -100   2 2021 2804
  40   12   2 2021 2805
-100    9   2 2021 2806
  36   12   3 2021 2807
  40 -100   2 2021 2808
  52  -97   2 2021 2809
-100 -100   2 2021 2810
-100   12   2 2021 2811
  40   12   2 2021 2813
-100 -100   2 2021 2814
-100 -100   2 2021 2816
  30   12   3 2021 2817
  40   12   2 2021 2818
-100   12   2 2021 2819
  55   11   2 2021 2820
-100 -100   2 2021 2821
  52   12   2 2021 2822
-100 -100   2 2021 2823
  40   12   2 2021 2824
  30   12   1 2021 2825
-100 -100   1 2021 2826
  45   12   3 2021 2827
-100   10 -97 2021 2828
-100 -100   3 2021 2829
-100 -100   2 2021 2831
  42   12   2 2021 2832
-100 -100   3 2021 2833
  46   12   2 2021 2835
-100   12   2 2021 2836
  40   12   2 2021 2837
  40   12   3 2021 2838
-100 -100   3 2021 2839
-100 -100   2 2021 2840
  45   12   2 2021 2841
-100 -100   1 2021 2842
  40   12   2 2021 2843
  40   12   2 2021 2844
-100 -100   2 2021 2845
-100 -100   2 2021 2846
-100 -100   2 2021 2847
  40   12   2 2021 2848
-100 -100   2 2021 2849
-100 -100   3 2021 2850
  40   12   2 2021 2852
  40   12   3 2021 2853
  25  -98   2 2021 2854
-100 -100   3 2021 2855
  50   12   3 2021 2857
  40   12   3 2021 2858
  40   12   1 2021 2859
  36   11   3 2021 2860
-100 -100   2 2021 2861
-100 -100   2 2021 2862
  40   12   2 2021 2864
  55    9   2 2021 2865
  60    3   3 2021 2866
-100 -100   1 2021 2867
 -99  -90   1 2021 2868
  40   12   2 2021 2869
  50   10   2 2021 2870
-100    9   2 2021 2871
-100   10   1 2021 2872
  40   12   2 2021 2873
-100 -100   3 2021 2874
  20    8   2 2021 2875
  15 -100   2 2021 2876
-100 -100   2 2021 2877
-100   11   3 2021 2878
-100 -100   3 2021 2879
  40   12   2 2021 2880
-100    2   2 2021 2881
  40   12   2 2021 2882
  24 -100   3 2021 2883
-100 -100   2 2021 2884
-100 -100   3 2021 2885
  45   12   2 2021 2886
  50   12   2 2021 2887
  40   12   2 2021 2888
-100   12   3 2021 2889
  40   12   2 2021 2891
  12 -100   2 2021 2892
  45   12   2 2021 2893
-100 -100   3 2021 2895
  25   12   1 2021 2896
-100    1   3 2021 2897
  40   12   1 2021 2898
  40  -90   2 2021 2900
  40   12   2 2021 2901
  40   12   2 2021 2902
  46   11   3 2021 2903
  60  -97   2 2021 2904
-100   12   1 2021 2905
-100   12   1 2021 2906
  50   12   2 2021 2908
  55   12   2 2021 2909
-100 -100   2 2021 2910
  80   11   3 2021 2911
-100    2   2 2021 2912
  48   12   1 2021 2913
  70   12 -99 2021 2914
  40   12   2 2021 2915
-100 -100   2 2021 2916
-100 -100   3 2021 2917
-100 -100   2 2021 2918
  40   12   1 2021 2919
  40   12   3 2021 2920
  33   12   1 2021 2921
  40   12   2 2021 2922
-100    8   2 2021 2923
  25   10   2 2021 2924
-100 -100   2 2021 2925
  55   12   1 2021 2926
  60   12   2 2021 2927
-100 -100   1 2021 2928
  40   12   3 2021 2929
-100   10   2 2021 2930
  40   12   3 2021 2931
-100 -100   3 2021 2932
   0  -90   1 2021 2933
-100    1   1 2021 2934
  40  -98   1 2021 2936
  50   12   1 2021 2937
   8   12   2 2021 2938
  40   12   2 2021 2940
  40   12   1 2021 2941
  48   12   1 2021 2942
  40   12   2 2021 2943
  55   12   2 2021 2944
-100 -100   2 2021 2945
-100   12   3 2021 2946
-100 -100   2 2021 2947
  45   12   3 2021 2948
  40   12   2 2021 2949
  40   12   1 2021 2950
  50   12   3 2021 2951
  15   10   3 2021 2952
-100 -100   3 2021 2953
-100 -100   2 2021 2954
  45   12   3 2021 2955
  40  -97   1 2021 2957
-100    9   2 2021 2958
-100   10   3 2021 2959
-100 -100   2 2021 2960
  40   12   2 2021 2962
-100   12   2 2021 2963
  35    9   2 2021 2964
  50   12   2 2021 2965
  30   12   2 2021 2966
  20   10   2 2021 2967
-100 -100   2 2021 2968
  80  -97   2 2021 2969
-100 -100   3 2021 2970
  45   12   2 2021 2971
-100 -100   2 2021 2972
-100 -100   1 2021 2973
  50   12   2 2021 2974
-100   12   2 2021 2975
  40  -98   2 2021 2976
-100   11   2 2021 2977
  60    9   1 2021 2978
  40   12   1 2021 2979
-100 -100   2 2021 2980
-100 -100   2 2021 2981
-100 -100   1 2021 2982
-100 -100   3 2021 2983
-100 -100   2 2021 2984
  40  -98   2 2021 2985
  40   12   1 2021 2986
  40   12   2 2021 2987
  40   12   2 2021 2988
-100    1   2 2021 2989
  48  -98   2 2021 2990
  60   11   3 2021 2992
-100    6   2 2021 2993
-100   11   2 2021 2994
-100 -100   2 2021 2995
-100   12   2 2021 2996
-100 -100   2 2021 2997
-100  -97   2 2021 2998
-100   10   1 2021 2999
  20  -98   2 2021 3000
-100 -100   2 2021 3001
-100   12   3 2021 3002
-100 -100   2 2021 3003
  55   12   3 2021 3004
  40   12   2 2021 3005
  43   12   2 2021 3007
-100 -100   2 2021 3008
  30    9   1 2021 3009
-100 -100   2 2021 3010
  40   12   3 2021 3011
  40   12   2 2021 3012
-100 -100   3 2021 3013
  37   12   2 2021 3014
-100 -100   3 2021 3015
-100 -100   3 2021 3016
-100   12   3 2021 3017
-100 -100   2 2021 3018
 -99    2   2 2021 3019
  55   12   2 2021 3020
  45   12   2 2021 3021
  13    7   1 2021 3022
-100 -100   3 2021 3023
  60   12   2 2021 3024
-100    9   2 2021 3025
-100 -100   1 2021 3026
-100 -100   3 2021 3027
  37   12   2 2021 3028
  42   12   1 2021 3029
  40  -97   1 2021 3030
  40   12   2 2021 3031
  40   12   1 2021 3033
  80   12   2 2021 3034
  25   11   2 2021 3035
  38  -98   2 2021 3036
  40 -100   3 2021 3037
  40   12   1 2021 3038
-100   10   3 2021 3039
-100    2   3 2021 3040
-100 -100   2 2021 3041
-100    6   3 2021 3042
-100 -100   1 2021 3043
  60   12   1 2021 3044
-100  -98   1 2021 3045
-100 -100   2 2021 3046
-100 -100   2 2021 3047
  40  -98   3 2021 3048
-100 -100   2 2021 3049
  10   12   2 2021 3050
-100 -100   2 2021 3051
  50   12   2 2021 3052
-100 -100   2 2021 3053
-100    9   1 2021 3054
-100   10   3 2021 3055
-100    9   2 2021 3056
  45   12   2 2021 3057
  40   12   3 2021 3058
  50   12   2 2021 3060
  40   12   2 2021 3061
-100   12   2 2021 3062
-100 -100   2 2021 3063
-100 -100   2 2021 3064
-100   11   3 2021 3065
  40   12   2 2021 3066
  60   12   1 2021 3067
  35   12   2 2021 3068
-100   11   2 2021 3070
  40   12   2 2021 3071
  45   12   1 2021 3072
  40   12   2 2021 3073
-100  -90   2 2021 3074
  38   12   2 2021 3075
-100 -100   2 2021 3076
  39   12 -97 2021 3077
  30  -98   2 2021 3078
  48   12   2 2021 3079
-100 -100   3 2021 3080
  60   12   3 2021 3081
  57   12   1 2021 3082
-100 -100   2 2021 3083
  55   12   2 2021 3084
-100 -100   2 2021 3085
-100 -100   2 2021 3087
-100 -100   1 2021 3088
  40    2   1 2021 3089
  36  -98   2 2021 3090
  45   12   3 2021 3091
  40   12   3 2021 3092
-100 -100   2 2021 3094
-100  -98   2 2021 3095
-100   12   3 2021 3096
  57   12   2 2021 3097
  40   12   3 2021 3098
-100 -100   2 2021 3100
-100    3   2 2021 3101
  40  -97   1 2021 3102
  40 -100   2 2021 3103
  30   12   1 2021 3104
-100 -100   2 2021 3105
  40  -98   2 2021 3106
-100 -100   3 2021 3107
   3   12   2 2021 3108
  50   11   3 2021 3109
  40   12   2 2021 3110
  25   12   2 2021 3111
  40   12   2 2021 3112
-100 -100   1 2021 3113
  64   12   1 2021 3114
  40   12   2 2021 3116
-100 -100   1 2021 3117
  40   12   3 2021 3119
  89    9   2 2021 3120
-100 -100   2 2021 3121
-100 -100   1 2021 3122
  40   12   2 2021 3124
  40 -100   1 2021 3125
-100 -100   2 2021 3127
  43   12   3 2021 3128
-100 -100   1 2021 3129
-100 -100   1 2021 3130
-100 -100   2 2021 3131
-100   12   2 2021 3132
-100 -100   3 2021 3133
-100 -100   2 2021 3134
-100 -100   1 2021 3136
  40   12   2 2021 3137
  20   12   2 2021 3138
  50   12   2 2021 3139
  40   12   2 2021 3140
-100   12   2 2021 3141
  25   12   2 2021 3142
-100 -100   2 2021 3143
  40  -97   3 2021 3144
-100 -100   2 2021 3145
  10    8   3 2021 3146
  38   12   1 2021 3147
-100 -100   2 2021 3149
  35   12   1 2021 3150
  40   12   2 2021 3151
-100 -100   1 2021 3152
-100 -100   2 2021 3153
  40   12   3 2021 3154
  43   12   2 2021 3155
  20    2   3 2021 3156
-100 -100   3 2021 3157
  40  -98   2 2021 3158
  45   12   2 2021 3159
-100   12   2 2021 3160
-100 -100   2 2021 3161
  16    8   2 2021 3162
  24   12   2 2021 3163
-100 -100   2 2021 3164
-100    1   3 2021 3165
  37   12   2 2021 3166
-100  -98   1 2021 3167
-100 -100   2 2021 3168
-100 -100   3 2021 3169
  30   12   3 2021 3170
  32    9   2 2021 3171
-100    9   2 2021 3172
-100   12   1 2021 3173
-100 -100   2 2021 3174
  40   11   2 2021 3176
-100   12   2 2021 3177
  40   12   2 2021 3178
  40 -100   1 2021 3179
  50   12   1 2021 3180
-100 -100   1 2021 3181
  25    9   1 2021 3182
  40   12   2 2021 3183
-100 -100   2 2021 3184
  40   12   1 2021 3186
-100 -100   1 2021 3187
-100 -100   2 2021 3188
-100 -100   3 2021 3189
  40   12   2 2021 3190
 -99   12   1 2021 3191
-100 -100   3 2021 3192
  40   12   2 2021 3193
  25   11   3 2021 3194
-100 -100   2 2021 3195
  40    1   1 2021 3196
-100 -100   3 2021 3197
-100  -90   2 2021 3198
-100 -100   2 2021 3200
  50 -100   3 2021 3201
  44   11   2 2021 3202
  40   12   2 2021 3203
-100 -100   3 2021 3204
  40   12   3 2021 3205
  65   12   3 2021 3206
-100   12   3 2021 3207
-100   12   1 2021 3208
-100 -100   2 2021 3209
-100   12   1 2021 3210
-100 -100 -97 2021 3211
  45   12   3 2021 3212
  45   12   2 2021 3213
  40   12   2 2021 3214
  40   12   2 2021 3215
  65  -98   2 2021 3216
-100 -100   1 2021 3217
  45   12   2 2021 3218
  42   12   2 2021 3219
-100 -100   3 2021 3221
-100   12   3 2021 3222
  20    3   2 2021 3223
-100   10   3 2021 3224
  36 -100   3 2021 3225
-100 -100   3 2021 3226
-100 -100   3 2021 3227
-100 -100   1 2021 3228
-100 -100   2 2021 3229
-100 -100   2 2021 3230
-100   12   2 2021 3231
  40   12   1 2021 3232
-100 -100   2 2021 3233
  43   12   2 2021 3235
-100 -100   2 2021 3236
-100   10   3 2021 3237
  40   12   1 2021 3238
-100   12   2 2021 3239
-100 -100   1 2021 3240
  40   12   2 2021 3242
-100    5   2 2021 3243
-100 -100   2 2021 3244
-100 -100   3 2021 3245
  35   12   2 2021 3246
-100    5   1 2021 3247
-100 -100   3 2021 3248
  33   12   3 2021 3249
  40   12   2 2021 3250
  50    9   3 2021 3251
-100    5   2 2021 3252
-100  -90   3 2021 3253
-100   11   2 2021 3254
  12   11   2 2021 3255
-100   12   2 2021 3256
  20    7   1 2021 3257
  24    8   2 2021 3258
  37    8   3 2021 3259
-100 -100   2 2021 3260
-100 -100   3 2021 3261
-100 -100   1 2021 3262
  52   12   1 2021 3263
-100 -100   2 2021 3264
  40   12   2 2021 3265
-100 -100   3 2021 3266
-100 -100   2 2021 3267
-100   12   1 2021 3268
-100  -90   3 2021 3269
  40   12   2 2021 3270
-100   11   1 2021 3271
  40   12   1 2021 3272
  16    9   3 2021 3273
-100 -100   1 2021 3274
-100 -100   1 2021 3275
-100   12   2 2021 3276
  30   12   2 2021 3278
-100 -100   2 2021 3280
  50 -100   1 2021 3281
-100 -100   2 2021 3283
  40   12   2 2021 3284
-100    4   3 2021 3285
  35   12   3 2021 3286
  60   12   2 2021 3287
  40   12   2 2021 3288
  43   12   2 2021 3289
-100    5   3 2021 3291
-100   12   2 2021 3292
  72   12   1 2021 3293
-100   12   2 2021 3294
  45   12   2 2021 3295
  40  -98   3 2021 3297
-100   12   2 2021 3298
-100 -100   1 2021 3299
  40   12   1 2021 3301
  40   12   3 2021 3302
  55   12   3 2021 3303
  40   12   2 2021 3305
  50   12   2 2021 3307
  50   12   2 2021 3308
  40   12   2 2021 3309
-100    8   2 2021 3310
  54   12   2 2021 3311
  20 -100   3 2021 3312
-100   12   2 2021 3313
-100    6   2 2021 3314
  40  -98   2 2021 3315
  50   12   2 2021 3316
  20 -100   2 2021 3317
  45   12   1 2021 3318
-100 -100   3 2021 3320
  40   12   2 2021 3321
  70   12   3 2021 3322
-100  -90   2 2021 3323
  40    9   3 2021 3324
-100 -100   2 2021 3325
-100   12   2 2021 3326
-100 -100   2 2021 3327
  40   10   2 2021 3328
  40  -98   2 2021 3330
-100 -100   2 2021 3331
  15    9   2 2021 3332
-100   10   2 2021 3333
-100   12   2 2021 3334
-100 -100   1 2021 3335
-100 -100   2 2021 3336
  35   12   3 2021 3337
-100 -100   2 2021 3338
-100    2   2 2021 3339
-100 -100   3 2021 3340
-100  -90   2 2021 3341
   0    7   2 2021 3343
-100   12   2 2021 3344
  40   12   3 2021 3345
  40   12   1 2021 3346
-100   11   2 2021 3347
  40   12   1 2021 3348
  40   12   1 2021 3349
  65   12   2 2021 3351
  40   12   2 2021 3352
-100 -100   2 2021 3353
  50   12   2 2021 3354
  55  -97   1 2021 3355
  40   12   1 2021 3356
  20    3   2 2021 3357
-100  -90   2 2021 3359
  36   12   2 2021 3360
  40   12   1 2021 3361
-100 -100   2 2021 3362
-100 -100   3 2021 3363
  60   12   2 2021 3365
  40   12   3 2021 3367
  40   12   3 2021 3368
  30   12   2 2021 3371
-100   12   2 2021 3372
-100    1   1 2021 3373
  25   11   2 2021 3374
-100 -100   3 2021 3375
  48   12   3 2021 3376
-100   12   1 2021 3377
-100 -100   2 2021 3378
-100 -100   2 2021 3379
-100 -100   2 2021 3380
  40   12   2 2021 3382
  32   11   1 2021 3383
  28   11   2 2021 3384
-100 -100   2 2021 3385
  24   12   3 2021 3386
  38    9   2 2021 3388
-100 -100   1 2021 3389
  40   12   3 2021 3392
-100   12   2 2021 3393
  40   10   2 2021 3394
-100 -100   2 2021 3395
  41   12   2 2021 3396
-100   12   2 2021 3397
  40   12   3 2021 3398
  40   12   3 2021 3399
-100   10   2 2021 3400
  50   12   3 2021 3401
  58   12   2 2021 3402
  40   12   2 2021 3403
  41    9   2 2021 3404
-100 -100 -97 2021 3406
-100   12   2 2021 3407
  60   12   1 2021 3408
  40   12   3 2021 3409
  50   12   1 2021 3410
-100 -100   2 2021 3411
-100    9   1 2021 3412
  45   12   2 2021 3413
  40   12   2 2021 3414
  20    9   1 2021 3415
  60 -100   2 2021 3416
-100   12   3 2021 3417
-100 -100   2 2021 3418
  40   12   2 2021 3420
-100 -100   2 2021 3421
-100 -100   2 2021 3422
  40   12   2 2021 3423
  60   12   2 2021 3424
   4  -90   3 2021 3425
   8  -98   3 2021 3426
  40   12   2 2021 3428
-100   12   2 2021 3429
-100  -98   2 2021 3430
-100 -100   1 2021 3431
  40   12   3 2021 3432
  20   12   3 2021 3433
-100  -90   1 2021 3435
  10 -100   3 2021 3436
  40    9   3 2021 3437
  45   12   2 2021 3438
-100 -100   2 2021 3440
-100    8   2 2021 3441
-100 -100   3 2021 3444
  40   12   2 2021 3446
-100 -100   2 2021 3447
  40   12   2 2021 3448
-100    5   2 2021 3449
-100 -100   2 2021 3450
-100 -100   2 2021 3452
-100 -100   2 2021 3453
  45   12   2 2021 3455
-100 -100   2 2021 3456
-100  -98   2 2021 3457
-100  -98   3 2021 3458
-100  -98   2 2021 3459
-100 -100   3 2021 3461
-100 -100   2 2021 3462
-100 -100   3 2021 3463
  50   12   1 2021 3464
  40    7   3 2021 3465
-100 -100   2 2021 3466
  38   10   1 2021 3468
  40   12   2 2021 3469
-100  -98   2 2021 3471
  40    8   2 2021 3473
-100 -100   2 2021 3475
  81   12   3 2021 3476
  40 -100   1 2021 3477
  55 -100   2 2021 3478
-100 -100   3 2021 3480
   9 -100   2 2021 3481
-100 -100   1 2021 3482
-100 -100   3 2021 3483
  60  -90   2 2021 3484
-100   12   2 2021 3485
  70   12   3 2021 3486
  50   12   2 2021 3487
  56   10   2 2021 3488
  24 -100   2 2021 3489
  40   12   2 2021 3490
-100   12   1 2021 3491
  45   12   3 2021 3492
  10   12   2 2021 3493
-100  -98 -97 2021 3494
  40   12   3 2021 3495
-100 -100   3 2021 3496
  50    9   1 2021 3497
  40   12   2 2021 3498
-100   12   2 2021 3499
  40   12   2 2021 3500
  40   12   2 2021 3501
  40   11   2 2021 3502
  40  -98   2 2021 3503
-100 -100   3 2021 3504
-100 -100   3 2021 3505
-100    9   2 2021 3506
  20   11   2 2021 3507
  38   12   2 2021 3508
-100  -97   2 2021 3509
  20   10   2 2021 3510
-100 -100   3 2021 3511
-100 -100   1 2021 3512
  40   12   2 2021 3513
  28 -100   3 2021 3514
  54   12   1 2021 3515
  45    9   2 2021 3516
  55   12   2 2021 3517
-100   12   2 2021 3519
-100 -100   2 2021 3520
-100 -100   3 2021 3521
-100 -100   2 2021 3522
-100   12   3 2021 3523
  52   12   1 2021 3524
-100   12   2 2021 3525
  40   12   2 2021 3526
  32   10   2 2021 3527
-100 -100   3 2021 3528
  25    6   1 2021 3529
  35   12   3 2021 3530
-100 -100   3 2021 3531
  40   12   2 2021 3532
-100 -100   1 2021 3533
  40   12   1 2021 3534
  35    3   2 2021 3535
-100   12   2 2021 3537
-100 -100   1 2021 3538
-100 -100   2 2021 3539
-100 -100   1 2021 3540
-100 -100   3 2021 3542
  50   12   3 2021 3544
  55   12   2 2021 3545
-100 -100   3 2021 3546
  72   12   2 2021 3547
  25   12   2 2021 3548
-100 -100   1 2021 3549
  25    9   2 2021 3550
  50   12   2 2021 3551
-100    9   3 2021 3552
-100    9   1 2021 3553
-100   12   3 2021 3554
-100 -100   3 2021 3555
  45   12   2 2021 3556
  42   12   1 2021 3557
-100 -100   1 2021 3558
  40   12   2 2021 3559
-100 -100   3 2021 3560
-100   12   3 2021 3561
  33   10   3 2021 3563
-100  -98   3 2021 3564
-100   11   2 2021 3565
-100 -100   2 2021 3566
-100 -100   3 2021 3567
  46   12   2 2021 3568
-100    6   1 2021 3569
  40  -98   3 2021 3570
  50   12   2 2021 3571
-100 -100   1 2021 3572
-100 -100   1 2021 3573
  40   12   1 2021 3574
-100 -100   2 2021 3575
  60   12   2 2021 3576
-100 -100   2 2021 3577
-100   12   2 2021 3578
  40   12   3 2021 3579
-100   11   2 2021 3580
  50   11   2 2021 3581
-100 -100   2 2021 3583
  40   12   1 2021 3584
-100 -100   2 2021 3586
-100   12   2 2021 3587
  30  -97   2 2021 3588
  40   12   3 2021 3589
  50   12   2 2021 3590
-100 -100   2 2021 3591
  60   12   2 2021 3592
  40   12   2 2021 3595
  35   12   2 2021 3596
  50   12   1 2021 3597
-100 -100   2 2021 3598
-100   10   2 2021 3600
  65    9   2 2021 3602
   4   10   2 2021 3603
  40   12   2 2021 3604
  40   12   3 2021 3605
  40   12   3 2021 3607
-100    1   3 2021 3608
  36   12   3 2021 3609
-100 -100   3 2021 3610
  40   12   2 2021 3611
  20   10   3 2021 3612
  40   12   2 2021 3613
-100  -98   2 2021 3614
-100    9   1 2021 3615
-100 -100   1 2021 3616
-100   12   3 2021 3617
-100 -100   3 2021 3618
-100    3   2 2021 3619
  16    8   2 2021 3620
  40   12   2 2021 3621
  60   12   3 2021 3623
  37    1   1 2021 3624
-100 -100   1 2021 3625
-100  -90   3 2021 3626
   4  -98   1 2021 3627
  45   12   3 2021 3628
  50   12   2 2021 3629
  30   12   3 2021 3630
-100 -100   2 2021 3631
  45   12   3 2021 3632
-100 -100   2 2021 3634
  40   12   1 2021 3635
-100  -90   2 2021 3636
  60   12   1 2021 3637
  43   12   2 2021 3638
  45   12   2 2021 3639
-100 -100   2 2021 3641
-100   12   2 2021 3642
  40   12   2 2021 3643
-100 -100   2 2021 3644
  40   12   3 2021 3645
-100   12   2 2021 3646
  40   12   1 2021 3647
  44  -98   2 2021 3648
  32   12   2 2021 3649
-100 -100   2 2021 3650
  30   12   1 2021 3651
-100 -100   3 2021 3652
-100   12   3 2021 3653
-100 -100   2 2021 3656
-100  -98   2 2021 3657
-100   10   3 2021 3658
  50   12   1 2021 3659
-100   12   2 2021 3660
-100 -100   1 2021 3661
-100   12   3 2021 3662
-100 -100   3 2021 3663
  84   12   1 2021 3664
  40   12   2 2021 3666
-100 -100   2 2021 3667
-100 -100   2 2021 3668
-100 -100   3 2021 3670
-100 -100   3 2021 3672
  20  -97   2 2021 3673
-100   12   2 2021 3674
-100 -100   2 2021 3675
  40   12   1 2021 3676
  40   12   2 2021 3677
  40   12   2 2021 3678
-100 -100   3 2021 3679
-100   12   2 2021 3680
-100    9   2 2021 3681
  40 -100   1 2021 3684
  40   12   2 2021 3686
  40   12   2 2021 3687
  40   12   2 2021 3688
  20   12   2 2021 3689
-100   12   2 2021 3690
  36   12   2 2021 3691
  50   12   2 2021 3692
-100    5   2 2021 3693
  15    9   2 2021 3694
-100 -100   2 2021 3695
  30   12   1 2021 3696
-100    9   2 2021 3698
-100 -100   1 2021 3700
-100  -90   1 2021 3701
  42   12   1 2021 3702
  50   12   1 2021 3703
  40   12   1 2021 3704
  50   12   2 2021 3705
  40 -100   2 2021 3706
-100 -100   3 2021 3707
-100 -100   2 2021 3708
  50   12   2 2021 3709
  30   12   2 2021 3710
  40   11   3 2021 3711
  40   12   3 2021 3712
  40   12   1 2021 3713
  40   12   2 2021 3714
-100 -100   3 2021 3715
-100   12   2 2021 3717
-100    9   2 2021 3718
  50   12   2 2021 3719
-100 -100   2 2021 3721
-100 -100   1 2021 3724
-100 -100   2 2021 3725
-100    2   3 2021 3726
-100 -100   1 2021 3727
-100 -100   1 2021 3728
-100   12   3 2021 3729
  17    9   1 2021 3730
-100   12   3 2021 3731
-100   12   3 2021 3732
-100 -100   1 2021 3733
  32 -100   2 2021 3734
-100 -100   2 2021 3735
  50   12   3 2021 3736
-100 -100   3 2021 3737
-100 -100   3 2021 3738
  17   10   2 2021 3739
  45   12   2 2021 3740
  22    9   2 2021 3741
  40   12   2 2021 3742
-100 -100   1 2021 3743
-100 -100   2 2021 3745
  13    5   2 2021 3746
  40   12   2 2021 3747
-100 -100   2 2021 3748
  40    7   2 2021 3749
  42    9   1 2021 3750
  55   12   2 2021 3751
  40   12 -98 2021 3752
  50   12   2 2021 3753
  15    3   2 2021 3754
-100 -100   2 2021 3755
  40   12   2 2021 3756
  40   12   2 2021 3757
  40   12   1 2021 3758
-100    8   2 2021 3759
-100 -100   1 2021 3760
-100 -100   1 2021 3761
-100 -100   2 2021 3762
  40   12   1 2021 3764
  50   12   2 2021 3765
  20 -100   3 2021 3766
  40   12   3 2021 3767
-100 -100   2 2021 3768
  20    9   2 2021 3769
-100 -100   1 2021 3771
-100 -100   1 2021 3772
  10    3   1 2021 3773
  40   12   2 2021 3774
  40   12   1 2021 3776
-100 -100   1 2021 3777
  40   12   1 2021 3779
   0   12   1 2021 3780
  40 -100   2 2021 3781
  45   12   2 2021 3782
  24   11   1 2021 3783
  21  -98   2 2021 3784
-100 -100   3 2021 3786
  40   12   2 2021 3787
  49   12   2 2021 3788
  40   12   3 2021 3789
  10   12   2 2021 3790
  45   12   2 2021 3791
 -99   10   2 2021 3792
  40   12   2 2021 3793
  70   12   1 2021 3795
  42   12   2 2021 3796
  40   12   3 2021 3797
-100   10   3 2021 3798
-100 -100   2 2021 3799
  30 -100   2 2021 3800
  70    9   2 2021 3801
 -99 -100   3 2021 3803
-100   12   2 2021 3804
  40    6   2 2021 3805
-100   12   3 2021 3806
-100 -100   3 2021 3807
  44   12   2 2021 3808
-100 -100   2 2021 3809
  50   12   1 2021 3810
  45   12   2 2021 3811
  20    9   1 2021 3812
  50   12   2 2021 3813
-100   12   2 2021 3814
-100 -100   2 2021 3815
-100 -100   3 2021 3816
  40   12   2 2021 3817
  46   12   2 2021 3818
-100   12   2 2021 3819
-100 -100   3 2021 3820
  40   11   2 2021 3821
  40    2   2 2021 3822
  33   10   2 2021 3823
  40   11   2 2021 3824
-100   12   2 2021 3825
-100   11   2 2021 3826
  80   12   3 2021 3827
  60   12   2 2021 3829
-100 -100   3 2021 3830
-100 -100   2 2021 3831
  40   12   1 2021 3832
-100   12   1 2021 3834
-100 -100   2 2021 3835
  35   12   3 2021 3836
  40   12   2 2021 3837
  60   12   2 2021 3838
-100 -100   2 2021 3839
  70 -100   2 2021 3840
-100 -100   1 2021 3841
-100 -100   2 2021 3842
-100   12   2 2021 3843
-100 -100   2 2021 3844
-100   11   2 2021 3845
-100 -100   1 2021 3846
-100 -100   2 2021 3847
-100   11   1 2021 3848
  40   12   1 2021 3849
  20    5   2 2021 3850
  40   12   3 2021 3851
-100 -100   2 2021 3852
  20   12   1 2021 3853
-100   12   3 2021 3854
-100 -100   2 2021 3855
  45   12   2 2021 3856
  50   12   2 2021 3857
-100   12   2 2021 3858
  35   12   2 2021 3859
  45   12   2 2021 3860
  26   12   3 2021 3861
  45   12   3 2021 3862
-100 -100   2 2021 3863
  89   12   1 2021 3864
  40   12   2 2021 3865
  40 -100   3 2021 3866
-100  -98   1 2021 3867
-100   12   3 2021 3868
-100   10   2 2021 3869
-100   12   2 2021 3871
-100 -100   3 2021 3874
-100   12   2 2021 3875
-100 -100   2 2021 3876
  40  -97   2 2021 3877
  66    9   2 2021 3878
-100 -100   2 2021 3879
  43   12   3 2021 3880
-100 -100   3 2021 3881
-100 -100   3 2021 3882
-100    3   2 2021 3883
  40   12   2 2021 3884
-100 -100   2 2021 3885
  40   12   3 2021 3886
  20   12   2 2021 3889
  35  -97   3 2021 3890
-100 -100   2 2021 3891
  45   12   2 2021 3892
  40    9   2 2021 3893
  40   12   3 2021 3894
-100   12   2 2021 3895
  40   11   2 2021 3896
-100 -100   3 2021 3897
-100 -100   3 2021 3899
-100 -100   2 2021 3901
-100 -100   3 2021 3902
-100 -100   2 2021 3904
  40  -98   3 2021 3905
-100 -100   1 2021 3906
  45 -100   2 2021 3907
-100   12   2 2021 3908
  40   12   2 2021 3909
-100  -97   1 2021 3910
-100 -100   2 2021 3911
-100 -100   2 2021 3912
  10   12   3 2021 3913
   8   12   3 2021 3914
-100 -100   2 2021 3915
  40   12   2 2021 3916
-100 -100   3 2021 3917
-100  -97   2 2021 3918
  40   12   3 2021 3919
-100 -100   2 2021 3920
-100    2   2 2021 3921
-100  -90   1 2021 3922
-100 -100   1 2021 3923
  16    6   1 2021 3924
-100 -100   2 2021 3925
  19   12   2 2021 3926
-100    1   2 2021 3928
  40   12   2 2021 3929
-100 -100   2 2021 3930
  43   12   2 2021 3932
-100 -100   2 2021 3934
  40   12   2 2021 3935
  48   12   2 2021 3936
-100 -100   2 2021 3937
-100 -100   2 2021 3938
  10   12   2 2021 3939
  40   12   1 2021 3940
-100   11   2 2021 3943
  40 -100   2 2021 3944
-100   12   2 2021 3945
-100    9   3 2021 3946
  60   12   2 2021 3947
  42    2   3 2021 3948
  12  -90   2 2021 3949
  40   12   2 2021 3950
-100 -100   2 2021 3951
-100 -100   2 2021 3952
-100 -100   1 2021 3953
  40   11   3 2021 3954
-100 -100   2 2021 3955
-100    6   2 2021 3956
  40   12   1 2021 3957
-100 -100   2 2021 3958
  40   12   3 2021 3959
-100 -100   3 2021 3962
  40   12   1 2021 3963
-100 -100   2 2021 3964
-100  -98   3 2021 3965
-100   12   1 2021 3966
-100 -100   3 2021 3968
-100 -100   2 2021 3969
-100 -100   2 2021 3970
  40   12   2 2021 3972
-100 -100   2 2021 3973
  25   12   2 2021 3974
  55   12   2 2021 3975
  40   12   3 2021 3976
  47   12   2 2021 3977
-100  -90   2 2021 3978
  45   12   2 2021 3979
-100   10   2 2021 3980
  25   10   3 2021 3981
   8   12   1 2021 3982
-100 -100   2 2021 3983
  40   12   2 2021 3985
  60   12   2 2021 3986
  50   12   2 2021 3988
-100 -100   2 2021 3989
  40   12   1 2021 3990
-100 -100   1 2021 3992
  40   12   1 2021 3993
  82   12   2 2021 3995
  40   11   3 2021 3996
  40   12   2 2021 3997
-100 -100   1 2021 3998
-100   11   3 2021 3999
  50   12   1 2021 4000
-100 -100   1 2021 4001
  45   12   2 2021 4002
-100 -100   2 2021 4003
-100 -100   2 2021 4004
  68   12   3 2021 4005
  40   12   1 2021 4006
  45   12   1 2021 4007
-100  -98   3 2021 4008
-100 -100   2 2021 4009
-100 -100   2 2021 4010
  40  -98   2 2021 4011
  40   12   2 2021 4012
-100 -100   2 2021 4013
  48   12   2 2021 4014
  60   12   2 2021 4015
-100 -100   3 2021 4016
  35   12   2 2021 4018
-100 -100   2 2021 4019
-100   12   1 2021 4020
  45   12   2 2021 4021
  15 -100   3 2021 4022
  47   12   2 2021 4023
-100   12   1 2021 4024
-100 -100   2 2021 4025
-100 -100   3 2021 4026
  40   12   2 2021 4027
-100 -100   1 2021 4028
-100 -100   2 2021 4029
  40   12   2 2021 4031
  16    6   1 2021 4033
 -97 -100   3 2021 4034
  40   12   2 2021 4035
-100   10   3 2021 4036
-100 -100   2 2021 4038
-100 -100   2 2021 4039
 -99  -98   2 2021 4040
-100 -100   2 2021 4042
  16   12   2 2021 4043
-100 -100   2 2021 4045
-100  -98   2 2021 4046
  40   11   2 2021 4047
-100 -100   1 2021 4049
  48   12   3 2021 4050
  45   10   2 2021 4051
  70   12   2 2021 4052
-100 -100   2 2021 4053
  40   11   1 2021 4055
  20   12   2 2021 4056
-100 -100   2 2021 4057
-100   12   2 2021 4058
  52   12   2 2021 4059
  50   12   2 2021 4060
  50   12   1 2021 4061
  40   12   2 2021 4062
  32 -100   2 2021 4064
-100 -100   2 2021 4066
  15  -98   2 2021 4068
  40   12   2 2021 4069
  80   12   2 2021 4070
-100 -100   3 2021 4071
  75   12   2 2021 4072
  89  -98   1 2021 4073
-100 -100   3 2021 4074
-100 -100   2 2021 4076
  40 -100   2 2021 4077
  40  -98   2 2021 4078
-100 -100   1 2021 4079
-100    2   2 2021 4080
  30   12   2 2021 4081
  56   12   2 2021 4082
-100   12   2 2021 4083
-100 -100   1 2021 4084
  30   10   1 2021 4085
-100  -97   3 2021 4086
  40    2   1 2021 4087
  40   12   2 2021 4088
-100 -100   1 2021 4089
-100 -100   3 2021 4090
-100 -100   1 2021 4091
  30 -100   3 2021 4092
  42   12   2 2021 4093
  10 -100   1 2021 4094
  40   12   2 2021 4095
-100   12   3 2021 4096
-100    1   2 2021 4097
  50   12   3 2021 4098
-100 -100   1 2021 4100
-100    9   1 2021 4101
-100 -100   1 2021 4102
  50   12   3 2021 4103
  50   12   2 2021 4105
-100   12   3 2021 4106
  40   12   2 2021 4107
  20   12   3 2021 4108
  40   12   2 2021 4109
  56   12   3 2021 4110
-100 -100   2 2021 4111
  38   12   1 2021 4112
  40   10   2 2021 4113
-100 -100   2 2021 4114
  54   12   2 2021 4116
  40   12   2 2021 4117
  40   12   2 2021 4118
  40   12   2 2021 4120
  40   12   2 2021 4121
  45   12   2 2021 4122
-100 -100   3 2021 4123
-100 -100   1 2021 4124
  30   12   2 2021 4125
-100   12   1 2021 4126
-100 -100   2 2021 4127
  58   12   1 2021 4128
-100 -100   3 2021 4129
  40   12   1 2021 4130
  40   11   2 2021 4132
  20    1   3 2021 4134
-100    8   2 2021 4135
  10  -98   2 2021 4136
  40   12   3 2021 4137
   5   12   2 2021 4138
  46   12   2 2021 4139
-100   12   3 2021 4140
-100   10   2 2021 4141
-100 -100   2 2021 4142
  40   12   2 2021 4143
  52   12   2 2021 4144
-100 -100   2 2021 4145
  20    2   3 2021 4146
-100 -100   2 2021 4147
  50   12   1 2021 4148
  38   12   3 2021 4149
  42   12   2 2021 4150
  40  -98   2 2021 4151
-100 -100   2 2021 4152
  40  -98   2 2021 4153
-100    9   2 2021 4154
-100 -100   2 2021 4155
  48   12   1 2021 4156
  42   12   3 2021 4157
  40   11   2 2021 4158
  70   12   2 2021 4159
  65   12   2 2021 4160
  40 -100   2 2021 4161
-100 -100   2 2021 4162
  50 -100   2 2021 4163
-100 -100   1 2021 4164
  60   12   1 2021 4165
-100 -100   1 2021 4166
-100 -100   1 2021 4167
  60   12   3 2021 4168
  48   12   3 2021 4169
-100   12   2 2021 4170
  46   12   2 2021 4171
  40   12   2 2021 4172
-100   12   3 2021 4173
  10 -100   2 2021 4174
  40   10   2 2021 4175
-100    4   1 2021 4176
-100   12   1 2021 4177
  45   12   2 2021 4178
  40   12   1 2021 4179
  40   12   1 2021 4180
-100   12   2 2021 4181
  40   12   2 2021 4182
  72   12   3 2021 4183
  10   10   2 2021 4184
-100 -100   2 2021 4185
  45   12   2 2021 4186
  40   12   1 2021 4187
-100 -100   2 2021 4188
-100    6   2 2021 4190
  40   12   2 2021 4191
  40  -98   2 2021 4193
-100 -100   2 2021 4194
-100    5   2 2021 4195
  45    2   3 2021 4196
  45   12   2 2021 4197
  50   12   1 2021 4198
-100 -100   2 2021 4199
  50   12   2 2021 4200
-100   12   1 2021 4201
-100 -100 -97 2021 4202
  40 -100   2 2021 4203
  16    8   2 2021 4204
  60   12   2 2021 4205
-100   11   1 2021 4206
  40   12   2 2021 4207
  45   12   1 2021 4208
-100 -100   3 2021 4209
-100 -100   2 2021 4210
-100  -98   2 2021 4211
-100  -98   1 2021 4214
  40   12   2 2021 4215
-100 -100   2 2021 4216
-100 -100   2 2021 4217
  45 -100   2 2021 4218
  55   12   2 2021 4219
-100 -100   1 2021 4220
  20   12   3 2021 4221
  55   12   2 2021 4222
-100    9   3 2021 4223
-100 -100   2 2021 4225
-100   10   2 2021 4227
  40   12   1 2021 4228
  40   12   2 2021 4229
-100   12   1 2021 4230
  20 -100   2 2021 4231
  50   12   3 2021 4232
-100   12   3 2021 4233
-100 -100   1 2021 4235
  50   12   1 2021 4236
-100 -100   2 2021 4237
  46   12   1 2021 4238
-100    1   3 2021 4239
  45   12   2 2021 4240
  44   12   2 2021 4241
-100 -100   1 2021 4242
  45   12   2 2021 4243
  50   12   2 2021 4244
  15  -98   2 2021 4245
  55   12   2 2021 4246
-100    9   3 2021 4247
  60   12   2 2021 4248
-100 -100   3 2021 4249
-100 -100   2 2021 4250
-100 -100   2 2021 4251
-100 -100   2 2021 4252
  25 -100   3 2021 4253
-100   12   2 2021 4254
  40   12   2 2021 4255
  60    5   2 2021 4256
  30    6   2 2021 4257
-100   12   2 2021 4258
  28  -98   2 2021 4259
 -99   12   2 2021 4260
-100   12   3 2021 4261
  40   12   2 2021 4262
-100 -100   1 2021 4263
-100 -100   3 2021 4265
  40   12   2 2021 4266
-100 -100   2 2021 4267
  45   12   2 2021 4268
-100 -100   3 2021 4269
-100   12   2 2021 4270
-100 -100   2 2021 4271
  40   12   1 2021 4272
  40   12   1 2021 4273
  40   12   3 2021 4274
-100 -100   3 2021 4275
  40  -97   2 2021 4276
-100 -100   2 2021 4277
-100 -100   3 2021 4279
  40    9   1 2021 4280
-100 -100   1 2021 4281
-100 -100   3 2021 4282
  40 -100   2 2021 4283
-100 -100   2 2021 4284
-100    8   2 2021 4285
-100 -100   2 2021 4286
  40   12   2 2021 4287
  80    5   1 2021 4288
  38   12   1 2021 4289
  46 -100   2 2021 4290
  40 -100   2 2021 4291
  30   10   2 2021 4292
  30   11   2 2021 4293
-100 -100   1 2021 4295
  40 -100   1 2021 4296
-100 -100   3 2021 4297
-100   12   1 2021 4298
-100 -100   2 2021 4300
  40   12   1 2021 4301
  40   12   2 2021 4303
  50   12   2 2021 4304
-100 -100   2 2021 4305
-100 -100   1 2021 4307
  60   12   3 2021 4308
  40   12   2 2021 4309
-100 -100   2 2021 4311
  50   12   3 2021 4312
  35   12   1 2021 4313
  44   12   1 2021 4314
-100 -100   2 2021 4315
  40   12   1 2021 4316
   0 -100   2 2021 4317
  24    9   2 2021 4318
-100 -100   2 2021 4319
-100 -100   2 2021 4320
-100    2   1 2021 4321
  40   12   2 2021 4322
  55   12   2 2021 4323
-100   10   3 2021 4324
-100 -100   1 2021 4325
  40   12   2 2021 4326
  50   12   1 2021 4327
  40   12   2 2021 4328
-100   12   3 2021 4329
  48   12   1 2021 4330
-100    5   3 2021 4331
-100   12   2 2021 4332
-100 -100   2 2021 4333
  49   12   1 2021 4334
  45   12   1 2021 4335
-100   12   2 2021 4336
  40   10   1 2021 4337
  40   12   2 2021 4338
  40 -100   2 2021 4340
-100 -100   2 2021 4341
   8    7   1 2021 4342
  40   12   3 2021 4344
  40   12   3 2021 4345
-100   12   1 2021 4346
  40   12   2 2021 4347
  45   12   1 2021 4348
  40   12   3 2021 4349
  45   12   2 2021 4350
  50   12   2 2021 4351
  45   12   1 2021 4352
  40   12   2 2021 4353
  40   12   2 2021 4354
-100 -100   2 2021 4355
  40   12   3 2021 4356
  45   12   1 2021 4358
  40   12   2 2021 4359
  40   12   2 2021 4360
  40   12   2 2021 4361
-100   11   2 2021 4362
  36   12   3 2021 4363
-100    4   3 2021 4364
-100 -100   2 2021 4366
  40   12   3 2021 4367
  50   12   2 2021 4368
  45   12   2 2021 4369
-100    4   3 2021 4370
  70  -90   2 2021 4371
-100 -100   1 2021 4372
-100 -100   2 2021 4373
-100   12   2 2021 4374
  40   12   1 2021 4375
-100 -100   3 2021 4376
-100  -90   2 2021 4377
-100 -100   3 2021 4378
  40   12   2 2021 4379
  20   11   1 2021 4380
-100 -100   1 2021 4381
-100 -100   2 2021 4382
  40   12   2 2021 4384
-100   11   2 2021 4385
  50   12   3 2021 4386
  40   12   1 2021 4387
  22  -90   2 2021 4388
-100 -100   2 2021 4389
-100 -100   2 2021 4390
-100 -100   2 2021 4391
-100 -100   2 2021 4392
  41    2   2 2021 4393
  55   12   3 2021 4394
  40   12   1 2021 4395
  50  -90   2 2021 4396
  50   12   2 2021 4397
-100   11   2 2021 4399
  40   12   1 2021 4401
  49   12   2 2021 4402
-100   12   2 2021 4403
  40   12   3 2021 4404
  40 -100   2 2021 4406
-100 -100   2 2021 4407
-100   10   2 2021 4408
  50   12   1 2021 4409
  55   12   2 2021 4410
  40   12   2 2021 4411
  40   12   3 2021 4412
  55   12   2 2021 4414
  40   12   1 2021 4416
  10   12   2 2021 4417
-100   12   3 2021 4418
  55   12   3 2021 4419
  40   11   2 2021 4422
-100   11   1 2021 4423
  40   10   2 2021 4425
  40   12   2 2021 4426
  40   12   2 2021 4427
  60   12   3 2021 4428
-100 -100   2 2021 4429
  21 -100   2 2021 4430
  50   12   2 2021 4432
-100  -98   3 2021 4433
  40   12   2 2021 4435
  45   12   3 2021 4436
  40   12   1 2021 4437
-100  -98   2 2021 4438
-100    4   2 2021 4439
  40  -90   3 2021 4440
-100 -100   3 2021 4441
-100 -100   2 2021 4442
  55   12   1 2021 4443
-100   12   2 2021 4444
  24   12   2 2021 4445
  24    5   2 2021 4447
  40   12   2 2021 4448
  24   12   1 2021 4449
  70   12   1 2021 4450
  40   12   1 2021 4451
-100 -100   1 2021 4452
  15   12   3 2021 4453
  40   12   3 2021 4454
-100    9   2 2021 4455
  18   12   2 2021 4456
  30    5   2 2021 4457
-100 -100   2 2021 4458
-100 -100   2 2021 4459
-100 -100   2 2021 4460
-100 -100   1 2021 4461
  40   12   1 2021 4462
  40 -100   2 2021 4463
-100 -100   2 2021 4464
-100   12   2 2021 4466
-100 -100   3 2021 4467
-100   12   2 2021 4468
  45   12   2 2021 4469
-100 -100   3 2021 4470
  40   12   3 2021 4471
